#      lambda(um)  nuLnu(Lsun)
       2.0038670   5.3096991e+09
       2.0096308   5.2938825e+09
       2.0154113   5.2726619e+09
       2.0212083   5.2305552e+09
       2.0270220   5.1999508e+09
       2.0328524   5.1902470e+09
       2.0386997   5.1880864e+09
       2.0445637   5.1902732e+09
       2.0504446   5.1630481e+09
       2.0563424   5.1365874e+09
       2.0622571   5.1200947e+09
       2.0681889   5.1071100e+09
       2.0741378   5.0971225e+09
       2.0801037   5.0749074e+09
       2.0860869   5.0493473e+09
       2.0920872   5.0175474e+09
       2.0981048   5.0086682e+09
       2.1041397   5.0211337e+09
       2.1101919   4.9926088e+09
       2.1162616   4.9616095e+09
       2.1223487   4.9461403e+09
       2.1284533   4.9414691e+09
       2.1345755   4.9450528e+09
       2.1407153   4.9245567e+09
       2.1468728   4.9018610e+09
       2.1530479   4.8779590e+09
       2.1592409   4.8493935e+09
       2.1654516   4.8196812e+09
       2.1716802   4.8009438e+09
       2.1779267   4.7862332e+09
       2.1841912   4.7760235e+09
       2.1904737   4.7599304e+09
       2.1967743   4.7347972e+09
       2.2030930   4.6889871e+09
       2.2094299   4.6856748e+09
       2.2157850   4.6933777e+09
       2.2221584   4.6502726e+09
       2.2285501   4.6232228e+09
       2.2349602   4.6087830e+09
       2.2413888   4.5912483e+09
       2.2478358   4.5753101e+09
       2.2543014   4.5614398e+09
       2.2607855   4.5264110e+09
       2.2672884   4.5048707e+09
       2.2738099   4.5122847e+09
       2.2803502   4.4773954e+09
       2.2869093   4.3439424e+09
       2.2934872   4.0141314e+09
       2.3000841   4.0461584e+09
       2.3067000   4.1488495e+09
       2.3133349   4.1493224e+09
       2.3199888   3.9294725e+09
       2.3266619   3.7579994e+09
       2.3333543   3.8978580e+09
       2.3400658   3.8881605e+09
       2.3467967   3.7910218e+09
       2.3535469   3.5970138e+09
       2.3603165   3.6661602e+09
       2.3671056   3.7476139e+09
       2.3739143   3.6907608e+09
       2.3807425   3.5439023e+09
       2.3875904   3.4879493e+09
       2.3944579   3.6006897e+09
       2.4013452   3.5877965e+09
       2.4082524   3.5079421e+09
       2.4151793   3.3762771e+09
       2.4221263   3.4572820e+09
       2.4290932   3.4729144e+09
       2.4360801   3.4342750e+09
       2.4430871   3.3561543e+09
       2.4501143   3.3233683e+09
       2.4571617   3.3217294e+09
       2.4642294   3.3535496e+09
       2.4713174   3.3008288e+09
       2.4784258   3.2028570e+09
       2.4855546   3.0822536e+09
       2.4927039   3.0844701e+09
       2.4998738   3.1067799e+09
       2.5070644   3.1040685e+09
       2.5142756   3.0174719e+09
       2.5215075   3.0509831e+09
       2.5287603   3.0772824e+09
       2.5360339   3.0793190e+09
       2.5433284   3.0529671e+09
       2.5506439   3.0547536e+09
       2.5579805   3.0648785e+09
       2.5653382   3.0757697e+09
       2.5727170   3.0999631e+09
       2.5801170   3.0717896e+09
       2.5875384   3.0450999e+09
       2.5949810   3.0645628e+09
       2.6024451   3.0900578e+09
       2.6099307   3.0846344e+09
       2.6174378   3.0667169e+09
       2.6249664   3.0559879e+09
       2.6325168   3.0684407e+09
       2.6400888   3.0667902e+09
       2.6476827   3.0605384e+09
       2.6552983   3.0574788e+09
       2.6629359   3.0286017e+09
       2.6705955   3.0510121e+09
       2.6782771   3.0720556e+09
       2.6859807   3.0611407e+09
       2.6937066   3.0221075e+09
       2.7014546   3.0331301e+09
       2.7092250   3.0389511e+09
       2.7170177   3.0368942e+09
       2.7248328   3.0487852e+09
       2.7326704   3.0233197e+09
       2.7405305   3.0213667e+09
       2.7484132   3.0281639e+09
       2.7563186   3.0300495e+09
       2.7642468   3.0165307e+09
       2.7721978   2.9955250e+09
       2.7801716   2.9997708e+09
       2.7881683   3.0122796e+09
       2.7961881   3.0129173e+09
       2.8042309   2.9964199e+09
       2.8122969   2.9837128e+09
       2.8203861   2.9859156e+09
       2.8284985   2.9883954e+09
       2.8366343   2.9821225e+09
       2.8447934   2.9776619e+09
       2.8529761   2.9726860e+09
       2.8611822   2.9740805e+09
       2.8694120   2.9718914e+09
       2.8776655   2.9623436e+09
       2.8859427   2.9492338e+09
       2.8942437   2.9482096e+09
       2.9025685   2.9510606e+09
       2.9109173   2.9496785e+09
       2.9192902   2.9353265e+09
       2.9276871   2.9237064e+09
       2.9361082   2.9358045e+09
       2.9445535   2.9214062e+09
       2.9530230   2.9239411e+09
       2.9615170   2.9262283e+09
       2.9700354   2.9209203e+09
       2.9785782   2.9144948e+09
       2.9871457   2.9135020e+09
       2.9957378   2.9124402e+09
       3.0043546   2.9049528e+09
       3.0129962   2.9144208e+09
       3.0216626   2.9071841e+09
       3.0303540   2.9012909e+09
       3.0390704   2.9088344e+09
       3.0478118   2.9170656e+09
       3.0565784   2.9079791e+09
       3.0653702   2.9149511e+09
       3.0741873   2.9185531e+09
       3.0830298   2.9156068e+09
       3.0918976   2.9287823e+09
       3.1007910   2.9426215e+09
       3.1097100   2.9442307e+09
       3.1186547   2.9495094e+09
       3.1276250   2.9688703e+09
       3.1366212   2.9808097e+09
       3.1456432   3.0024118e+09
       3.1546912   3.0288266e+09
       3.1637652   3.0496975e+09
       3.1728653   3.0869272e+09
       3.1819916   3.1336360e+09
       3.1911441   3.1938815e+09
       3.2003230   3.2697842e+09
       3.2095283   3.3685778e+09
       3.2187600   3.5045389e+09
       3.2280183   3.6940884e+09
       3.2373032   3.9666841e+09
       3.2466149   4.3752232e+09
       3.2559533   5.0162608e+09
       3.2653186   6.0797936e+09
       3.2747108   7.9305812e+09
       3.2841300   1.1106317e+10
       3.2935764   1.5238016e+10
       3.3030498   1.6282642e+10
       3.3125506   1.2669255e+10
       3.3220787   8.9727141e+09
       3.3316341   6.6908291e+09
       3.3412171   5.3772006e+09
       3.3508276   4.5928274e+09
       3.3604658   4.0954884e+09
       3.3701317   3.7641314e+09
       3.3798254   3.5357697e+09
       3.3895470   3.3708915e+09
       3.3992965   3.2454707e+09
       3.4090741   3.1486649e+09
       3.4188798   3.0751120e+09
       3.4287137   3.0165687e+09
       3.4385759   2.9685291e+09
       3.4484665   2.9287157e+09
       3.4583855   2.8931707e+09
       3.4683330   2.8622857e+09
       3.4783092   2.8360126e+09
       3.4883141   2.8130753e+09
       3.4983477   2.7932005e+09
       3.5084102   2.7755774e+09
       3.5185016   2.7576317e+09
       3.5286221   2.7408488e+09
       3.5387716   2.7278233e+09
       3.5489504   2.7162761e+09
       3.5591585   2.7036034e+09
       3.5693959   2.6915371e+09
       3.5796627   2.6805280e+09
       3.5899591   2.6701918e+09
       3.6002851   2.6660600e+09
       3.6106408   2.6619879e+09
       3.6210263   2.6520918e+09
       3.6314416   2.6428231e+09
       3.6418869   2.6351363e+09
       3.6523623   2.6276758e+09
       3.6628678   2.6201529e+09
       3.6734035   2.6126372e+09
       3.6839695   2.6048009e+09
       3.6945659   2.5977923e+09
       3.7051928   2.5917615e+09
       3.7158503   2.5868081e+09
       3.7265384   2.5827484e+09
       3.7372572   2.5758910e+09
       3.7480069   2.5678294e+09
       3.7587875   2.5624509e+09
       3.7695991   2.5578430e+09
       3.7804418   2.5520204e+09
       3.7913157   2.5468993e+09
       3.8022209   2.5462549e+09
       3.8131574   2.5448144e+09
       3.8241254   2.5414273e+09
       3.8351250   2.5378570e+09
       3.8461561   2.5340635e+09
       3.8572190   2.5280973e+09
       3.8683138   2.5210781e+09
       3.8794404   2.5181887e+09
       3.8905991   2.5159626e+09
       3.9017898   2.5116028e+09
       3.9130128   2.5079434e+09
       3.9242680   2.5059941e+09
       3.9355556   2.5013383e+09
       3.9468756   2.4938746e+09
       3.9582282   2.4905548e+09
       3.9696135   2.4888234e+09
       3.9810315   2.4830758e+09
       3.9924824   2.4787051e+09
       4.0039662   2.4793890e+09
       4.0154830   2.4789262e+09
       4.0270330   2.4772135e+09
       4.0386161   2.4725271e+09
       4.0502326   2.4669877e+09
       4.0618825   2.4657986e+09
       4.0735660   2.4639962e+09
       4.0852830   2.4607160e+09
       4.0970337   2.4590031e+09
       4.1088182   2.4583405e+09
       4.1206367   2.4555470e+09
       4.1324891   2.4526388e+09
       4.1443756   2.4499943e+09
       4.1562963   2.4470642e+09
       4.1682513   2.4438947e+09
       4.1802406   2.4438139e+09
       4.1922645   2.4434127e+09
       4.2043229   2.4393244e+09
       4.2164161   2.4378670e+09
       4.2285440   2.4385918e+09
       4.2407068   2.4360720e+09
       4.2529045   2.4337740e+09
       4.2651374   2.4334204e+09
       4.2774055   2.4224186e+09
       4.2897088   2.4049110e+09
       4.3020475   2.3879183e+09
       4.3144217   2.3793689e+09
       4.3268316   2.3850906e+09
       4.3392771   2.3752527e+09
       4.3517584   2.3620285e+09
       4.3642756   2.3577879e+09
       4.3768288   2.3550954e+09
       4.3894181   2.3537589e+09
       4.4020436   2.3420800e+09
       4.4147055   2.3348624e+09
       4.4274037   2.3355492e+09
       4.4401385   2.3351589e+09
       4.4529099   2.3333374e+09
       4.4657181   2.3275778e+09
       4.4785631   2.3284988e+09
       4.4914450   2.3318919e+09
       4.5043640   2.3285553e+09
       4.5173201   2.3255085e+09
       4.5303136   2.3230145e+09
       4.5433444   2.3285070e+09
       4.5564126   2.3330788e+09
       4.5695185   2.3366942e+09
       4.5826620   2.3300019e+09
       4.5958434   2.3295502e+09
       4.6090627   2.3371805e+09
       4.6223200   2.3384986e+09
       4.6356154   2.3388588e+09
       4.6489491   2.3387221e+09
       4.6623211   2.3449819e+09
       4.6757316   2.3488302e+09
       4.6891807   2.3489042e+09
       4.7026684   2.3489636e+09
       4.7161950   2.3520737e+09
       4.7297604   2.3587551e+09
       4.7433649   2.3573912e+09
       4.7570085   2.3587337e+09
       4.7706914   2.3627304e+09
       4.7844136   2.3664988e+09
       4.7981752   2.3681080e+09
       4.8119765   2.3693383e+09
       4.8258174   2.3772529e+09
       4.8396982   2.3803660e+09
       4.8536189   2.3816916e+09
       4.8675796   2.3836680e+09
       4.8815805   2.3867817e+09
       4.8956217   2.3907702e+09
       4.9097032   2.3956107e+09
       4.9238253   2.3995469e+09
       4.9379880   2.4029152e+09
       4.9521914   2.4067054e+09
       4.9664356   2.4148764e+09
       4.9807209   2.4189361e+09
       4.9950472   2.4237443e+09
       5.0094147   2.4322889e+09
       5.0238236   2.4396318e+09
       5.0382739   2.4464175e+09
       5.0527657   2.4539128e+09
       5.0672993   2.4654443e+09
       5.0818746   2.4766765e+09
       5.0964919   2.4886431e+09
       5.1111512   2.5021804e+09
       5.1258527   2.5208113e+09
       5.1405965   2.5399890e+09
       5.1553827   2.5631153e+09
       5.1702114   2.5926980e+09
       5.1850828   2.6234199e+09
       5.1999969   2.6603915e+09
       5.2149539   2.7012646e+09
       5.2299540   2.7419697e+09
       5.2449972   2.7816600e+09
       5.2600837   2.8113195e+09
       5.2752136   2.8231671e+09
       5.2903869   2.8143215e+09
       5.3056040   2.7951518e+09
       5.3208648   2.7709086e+09
       5.3361695   2.7463526e+09
       5.3515182   2.7244734e+09
       5.3669111   2.7081231e+09
       5.3823482   2.6968927e+09
       5.3978298   2.6907392e+09
       5.4133558   2.6888749e+09
       5.4289266   2.6898174e+09
       5.4445421   2.6981334e+09
       5.4602025   2.7080214e+09
       5.4759080   2.7210605e+09
       5.4916587   2.7389688e+09
       5.5074546   2.7599597e+09
       5.5232960   2.7892015e+09
       5.5391830   2.8195600e+09
       5.5551156   2.8546509e+09
       5.5710941   2.9008967e+09
       5.5871186   2.9514575e+09
       5.6031891   3.0133200e+09
       5.6193059   3.0833477e+09
       5.6354690   3.1618816e+09
       5.6516786   3.2473928e+09
       5.6679348   3.3281619e+09
       5.6842378   3.3935739e+09
       5.7005877   3.4365459e+09
       5.7169846   3.4509247e+09
       5.7334287   3.4400172e+09
       5.7499201   3.4162242e+09
       5.7664589   3.3905996e+09
       5.7830453   3.3729772e+09
       5.7996794   3.3654371e+09
       5.8163613   3.3703745e+09
       5.8330912   3.3895047e+09
       5.8498693   3.4220100e+09
       5.8666956   3.4670451e+09
       5.8835703   3.5274169e+09
       5.9004935   3.6032929e+09
       5.9174654   3.6961057e+09
       5.9344862   3.8080140e+09
       5.9515559   3.9418857e+09
       5.9686747   4.1041679e+09
       5.9858427   4.2986285e+09
       6.0030601   4.5337615e+09
       6.0203270   4.8200206e+09
       6.0376436   5.1707336e+09
       6.0550100   5.6041191e+09
       6.0724264   6.1443504e+09
       6.0898929   6.8201527e+09
       6.1074096   7.6664840e+09
       6.1249766   8.7195876e+09
       6.1425942   9.9995343e+09
       6.1602625   1.1480461e+10
       6.1779816   1.3035796e+10
       6.1957517   1.4392210e+10
       6.2135729   1.5175941e+10
       6.2314453   1.5114114e+10
       6.2493692   1.4242883e+10
       6.2673446   1.2882748e+10
       6.2853717   1.1394850e+10
       6.3034507   1.0014553e+10
       6.3215816   8.8491802e+09
       6.3397647   7.9073366e+09
       6.3580002   7.1603503e+09
       6.3762880   6.5744041e+09
       6.3946285   6.1127201e+09
       6.4130217   5.7507492e+09
       6.4314678   5.4687805e+09
       6.4499670   5.2504046e+09
       6.4685194   5.0829423e+09
       6.4871252   4.9568318e+09
       6.5057845   4.8646202e+09
       6.5244974   4.8003256e+09
       6.5432642   4.7590441e+09
       6.5620849   4.7366306e+09
       6.5809598   4.7291773e+09
       6.5998890   4.7328962e+09
       6.6188726   4.7446258e+09
       6.6379109   4.7611542e+09
       6.6570039   4.7793680e+09
       6.6761518   4.7968379e+09
       6.6953547   4.8117712e+09
       6.7146130   4.8233790e+09
       6.7339266   4.8319783e+09
       6.7532957   4.8386701e+09
       6.7727206   4.8450028e+09
       6.7922014   4.8527177e+09
       6.8117382   4.8636932e+09
       6.8313311   4.8797424e+09
       6.8509805   4.9023642e+09
       6.8706863   4.9326277e+09
       6.8904489   4.9714134e+09
       6.9102682   5.0194453e+09
       6.9301446   5.0772530e+09
       6.9500782   5.1452417e+09
       6.9700691   5.2237164e+09
       6.9901175   5.3128792e+09
       7.0102235   5.4131028e+09
       7.0303874   5.5247757e+09
       7.0506093   5.6481317e+09
       7.0708894   5.7834002e+09
       7.0912278   5.9310739e+09
       7.1116247   6.0916479e+09
       7.1320802   6.2655798e+09
       7.1525946   6.4534311e+09
       7.1731680   6.6563279e+09
       7.1938006   6.8752191e+09
       7.2144925   7.1110488e+09
       7.2352440   7.3653418e+09
       7.2560551   7.6403657e+09
       7.2769261   7.9386621e+09
       7.2978571   8.2633886e+09
       7.3188484   8.6188151e+09
       7.3399000   9.0108378e+09
       7.3610121   9.4459745e+09
       7.3821850   9.9315280e+09
       7.4034188   1.0476018e+10
       7.4247137   1.1088677e+10
       7.4460698   1.1776212e+10
       7.4674873   1.2539855e+10
       7.4889665   1.3371590e+10
       7.5105074   1.4248348e+10
       7.5321103   1.5124916e+10
       7.5537753   1.5934236e+10
       7.5755026   1.6599614e+10
       7.5972925   1.7058020e+10
       7.6191450   1.7285076e+10
       7.6410604   1.7307467e+10
       7.6630388   1.7193101e+10
       7.6850804   1.7023651e+10
       7.7071854   1.6867014e+10
       7.7293540   1.6761925e+10
       7.7515864   1.6714911e+10
       7.7738827   1.6703630e+10
       7.7962432   1.6683831e+10
       7.8186679   1.6600605e+10
       7.8411572   1.6403367e+10
       7.8637111   1.6059527e+10
       7.8863300   1.5563283e+10
       7.9090139   1.4935578e+10
       7.9317630   1.4215963e+10
       7.9545776   1.3450522e+10
       7.9774578   1.2681756e+10
       8.0004038   1.1942819e+10
       8.0234158   1.1255760e+10
       8.0464940   1.0632509e+10
       8.0696385   1.0078198e+10
       8.0928497   9.5936120e+09
       8.1161276   9.1761019e+09
       8.1394725   8.8208868e+09
       8.1628845   8.5233946e+09
       8.1863638   8.2797869e+09
       8.2099107   8.0855207e+09
       8.2335253   7.9343947e+09
       8.2572079   7.8219003e+09
       8.2809585   7.7466204e+09
       8.3047775   7.7061705e+09
       8.3286650   7.6969718e+09
       8.3526212   7.7197879e+09
       8.3766463   7.7820049e+09
       8.4007405   7.8900184e+09
       8.4249040   8.0490148e+09
       8.4491371   8.2648968e+09
       8.4734398   8.5428665e+09
       8.4978124   8.8768539e+09
       8.5222551   9.2453329e+09
       8.5467682   9.6065759e+09
       8.5713517   9.8992416e+09
       8.5960060   1.0054046e+10
       8.6207311   1.0021509e+10
       8.6455274   9.7959905e+09
       8.6703950   9.4178673e+09
       8.6953342   8.9529198e+09
       8.7203450   8.4652047e+09
       8.7454278   7.9997834e+09
       8.7705828   7.5797971e+09
       8.7958101   7.2141846e+09
       8.8211100   6.9034120e+09
       8.8464826   6.6431950e+09
       8.8719283   6.4262816e+09
       8.8974471   6.2463263e+09
       8.9230393   6.0972027e+09
       8.9487051   5.9735840e+09
       8.9744448   5.8719361e+09
       9.0002585   5.7890261e+09
       9.0261464   5.7202628e+09
       9.0521088   5.6623415e+09
       9.0781459   5.6158716e+09
       9.1042579   5.5793348e+09
       9.1304450   5.5484918e+09
       9.1567074   5.5204740e+09
       9.1830453   5.4989337e+09
       9.2094590   5.4831300e+09
       9.2359487   5.4683814e+09
       9.2625146   5.4515750e+09
       9.2891568   5.4386670e+09
       9.3158758   5.4292804e+09
       9.3426715   5.4188040e+09
       9.3695444   5.4041157e+09
       9.3964945   5.3919311e+09
       9.4235222   5.3820508e+09
       9.4506276   5.3705820e+09
       9.4778109   5.3547206e+09
       9.5050725   5.3406553e+09
       9.5324124   5.3282725e+09
       9.5598311   5.3147316e+09
       9.5873285   5.2978839e+09
       9.6149051   5.2824768e+09
       9.6425610   5.2684574e+09
       9.6702964   5.2544027e+09
       9.6981116   5.2391591e+09
       9.7260068   5.2251609e+09
       9.7539823   5.2124486e+09
       9.7820382   5.2009499e+09
       9.8101748   5.1905571e+09
       9.8383924   5.1813669e+09
       9.8666911   5.1733834e+09
       9.8950712   5.1668334e+09
       9.9235329   5.1619013e+09
       9.9520765   5.1582118e+09
       9.9807022   5.1557994e+09
       10.009410   5.1551457e+09
       10.038201   5.1567819e+09
       10.067074   5.1598054e+09
       10.096031   5.1642824e+09
       10.125071   5.1700051e+09
       10.154194   5.1766442e+09
       10.183401   5.1850237e+09
       10.212692   5.1952693e+09
       10.242067   5.2064206e+09
       10.271527   5.2173085e+09
       10.301072   5.2306255e+09
       10.330701   5.2466160e+09
       10.360416   5.2638042e+09
       10.390216   5.2805723e+09
       10.420102   5.3011836e+09
       10.450074   5.3261818e+09
       10.480132   5.3549265e+09
       10.510277   5.3866609e+09
       10.540508   5.4255919e+09
       10.570826   5.4731033e+09
       10.601232   5.5303279e+09
       10.631725   5.5969951e+09
       10.662305   5.6711303e+09
       10.692974   5.7486379e+09
       10.723731   5.8315370e+09
       10.754576   5.9289863e+09
       10.785510   6.0474985e+09
       10.816533   6.1928686e+09
       10.847645   6.3711129e+09
       10.878847   6.5900756e+09
       10.910138   6.8578948e+09
       10.941520   7.1879824e+09
       10.972991   7.5995201e+09
       11.004554   8.1201750e+09
       11.036207   8.7905198e+09
       11.067951   9.6745939e+09
       11.099786   1.0878086e+10
       11.131713   1.2582187e+10
       11.163732   1.5073907e+10
       11.195843   1.8495412e+10
       11.228046   2.1450085e+10
       11.260342   2.1662683e+10
       11.292730   2.0647142e+10
       11.325212   1.9724912e+10
       11.357788   1.8683633e+10
       11.390457   1.7366340e+10
       11.423220   1.5859744e+10
       11.456077   1.4372755e+10
       11.489029   1.3015221e+10
       11.522075   1.1784393e+10
       11.555217   1.0789429e+10
       11.588454   1.0006507e+10
       11.621786   9.4250258e+09
       11.655215   9.0294730e+09
       11.688739   8.7575707e+09
       11.722360   8.5904849e+09
       11.756078   8.5126389e+09
       11.789892   8.5094770e+09
       11.823804   8.5673576e+09
       11.857814   8.6680454e+09
       11.891921   8.7878354e+09
       11.926126   8.8976905e+09
       11.960430   8.9689077e+09
       11.994833   8.9791299e+09
       12.029334   8.9204301e+09
       12.063935   8.8019940e+09
       12.098635   8.6474875e+09
       12.133435   8.4846298e+09
       12.168335   8.3390107e+09
       12.203335   8.2309082e+09
       12.238437   8.1727793e+09
       12.273639   8.1734951e+09
       12.308942   8.2388229e+09
       12.344347   8.3723108e+09
       12.379854   8.5756598e+09
       12.415462   8.8463582e+09
       12.451174   9.1748478e+09
       12.486988   9.5405098e+09
       12.522905   9.9099534e+09
       12.558925   1.0238974e+10
       12.595049   1.0485641e+10
       12.631277   1.0624551e+10
       12.667609   1.0615711e+10
       12.704045   1.0331138e+10
       12.740587   9.7865215e+09
       12.777233   9.1986252e+09
       12.813985   8.6686157e+09
       12.850843   8.2105151e+09
       12.887806   7.8213423e+09
       12.924876   7.4957520e+09
       12.962053   7.2270092e+09
       12.999336   7.0087577e+09
       13.036727   6.8352755e+09
       13.074225   6.7019958e+09
       13.111831   6.6048408e+09
       13.149546   6.5410186e+09
       13.187368   6.5084715e+09
       13.225300   6.5052975e+09
       13.263341   6.5294040e+09
       13.301491   6.5768273e+09
       13.339750   6.6403249e+09
       13.378120   6.7080822e+09
       13.416601   6.7629767e+09
       13.455191   6.7865660e+09
       13.493893   6.7652202e+09
       13.532707   6.6965339e+09
       13.571631   6.5893431e+09
       13.610668   6.4599187e+09
       13.649817   6.3248612e+09
       13.689079   6.1977736e+09
       13.728454   6.0845292e+09
       13.767942   5.9884208e+09
       13.807543   5.9105176e+09
       13.847259   5.8523129e+09
       13.887088   5.8116271e+09
       13.927032   5.7884978e+09
       13.967092   5.7836846e+09
       14.007266   5.7998784e+09
       14.047556   5.8357837e+09
       14.087961   5.8880357e+09
       14.128483   5.9443870e+09
       14.169122   5.9831975e+09
       14.209877   5.9784551e+09
       14.250750   5.9289537e+09
       14.291740   5.8566217e+09
       14.332848   5.7864134e+09
       14.374075   5.7284208e+09
       14.415420   5.6851811e+09
       14.456884   5.6551425e+09
       14.498467   5.6366551e+09
       14.540169   5.6263840e+09
       14.581992   5.6224522e+09
       14.623935   5.6235147e+09
       14.665999   5.6296364e+09
       14.708183   5.6389391e+09
       14.750489   5.6508665e+09
       14.792917   5.6650471e+09
       14.835467   5.6816857e+09
       14.878139   5.7000047e+09
       14.920934   5.7198280e+09
       14.963852   5.7409579e+09
       15.006893   5.7626763e+09
       15.050058   5.7855746e+09
       15.093347   5.8096026e+09
       15.136761   5.8347371e+09
       15.180300   5.8618695e+09
       15.223964   5.8901568e+09
       15.267753   5.9195818e+09
       15.311669   5.9501674e+09
       15.355711   5.9817190e+09
       15.399879   6.0145788e+09
       15.444175   6.0488611e+09
       15.488598   6.0847236e+09
       15.533148   6.1225849e+09
       15.577827   6.1625537e+09
       15.622634   6.2050505e+09
       15.667571   6.2506704e+09
       15.712636   6.3004528e+09
       15.757831   6.3550391e+09
       15.803156   6.4147020e+09
       15.848612   6.4774329e+09
       15.894198   6.5374898e+09
       15.939916   6.5910515e+09
       15.985764   6.6420971e+09
       16.031745   6.6984396e+09
       16.077858   6.7650353e+09
       16.124104   6.8461257e+09
       16.170482   6.9465270e+09
       16.216995   7.0747573e+09
       16.263640   7.2461119e+09
       16.310420   7.4874736e+09
       16.357335   7.8323103e+09
       16.404384   8.2577026e+09
       16.451569   8.5273744e+09
       16.498890   8.4214364e+09
       16.546347   8.1798539e+09
       16.593940   8.0238176e+09
       16.641670   7.9685189e+09
       16.689537   7.9804031e+09
       16.737542   8.0321743e+09
       16.785685   8.1063802e+09
       16.833967   8.1901743e+09
       16.882387   8.2759321e+09
       16.930947   8.3567724e+09
       16.979646   8.4272927e+09
       17.028486   8.4821554e+09
       17.077466   8.5219955e+09
       17.126587   8.5489015e+09
       17.175849   8.5688101e+09
       17.225253   8.5925724e+09
       17.274799   8.6382108e+09
       17.324487   8.7156241e+09
       17.374319   8.7547483e+09
       17.424293   8.6548667e+09
       17.474412   8.5175383e+09
       17.524674   8.4222152e+09
       17.575082   8.3660875e+09
       17.625634   8.3357823e+09
       17.676331   8.3268345e+09
       17.727175   8.3381518e+09
       17.778164   8.3690669e+09
       17.829301   8.4060469e+09
       17.880584   8.4223674e+09
       17.932015   8.4040596e+09
       17.983594   8.3767652e+09
       18.035321   8.3597310e+09
       18.087197   8.3568021e+09
       18.139222   8.3649340e+09
       18.191397   8.3810453e+09
       18.243722   8.4013564e+09
       18.296197   8.4259726e+09
       18.348824   8.4542128e+09
       18.401602   8.4854741e+09
       18.454531   8.5173379e+09
       18.507613   8.5511542e+09
       18.560847   8.5869277e+09
       18.614235   8.6244451e+09
       18.667776   8.6607498e+09
       18.721471   8.6980196e+09
       18.775321   8.7365053e+09
       18.829325   8.7760966e+09
       18.883485   8.8151009e+09
       18.937801   8.8548867e+09
       18.992273   8.8955571e+09
       19.046901   8.9370837e+09
       19.101687   8.9755606e+09
       19.156630   9.0143448e+09
       19.211731   9.0539099e+09
       19.266991   9.0942776e+09
       19.322410   9.1343325e+09
       19.377988   9.1751656e+09
       19.433726   9.2168902e+09
       19.489624   9.2595310e+09
       19.545683   9.3008949e+09
       19.601904   9.3427790e+09
       19.658286   9.3856061e+09
       19.714830   9.4293866e+09
       19.771537   9.4718487e+09
       19.828407   9.5148702e+09
       19.885440   9.5588256e+09
       19.942638   9.6037159e+09
       20.000000   9.6483858e+09
       20.183664   9.7959176e+09
       20.417379   9.9937557e+09
       20.653802   1.0221094e+10
       20.892961   1.0458013e+10
       21.134890   1.0710028e+10
       21.379621   1.0972059e+10
       21.627185   1.1254381e+10
       21.877616   1.1549883e+10
       22.130947   1.1854275e+10
       22.387211   1.2163681e+10
       22.646443   1.2491263e+10
       22.908677   1.2841611e+10
       23.173946   1.3217261e+10
       23.442288   1.3605058e+10
       23.713737   1.4002757e+10
       23.988329   1.4412086e+10
       24.266101   1.4842960e+10
       24.547089   1.5283580e+10
       24.831331   1.5743018e+10
       25.118864   1.6209083e+10
       25.409727   1.6691273e+10
       25.703958   1.7189276e+10
       26.001596   1.7696753e+10
       26.302680   1.8223097e+10
       26.607251   1.8754785e+10
       26.915348   1.9302129e+10
       27.227013   1.9866015e+10
       27.542287   2.0445472e+10
       27.861212   2.1030658e+10
       28.183829   2.1630506e+10
       28.510183   2.2233935e+10
       28.840315   2.2851080e+10
       29.174270   2.3479256e+10
       29.512092   2.4109551e+10
       29.853826   2.4751408e+10
       30.199517   2.5392054e+10
       30.549211   2.6038883e+10
       30.902954   2.6694217e+10
       31.260794   2.7347813e+10
       31.622777   2.8006585e+10
       31.988951   2.8663525e+10
       32.359366   2.9322339e+10
       32.734069   2.9979427e+10
       33.113112   3.0641652e+10
       33.496544   3.1298278e+10
       33.884416   3.1948016e+10
       34.276779   3.2600198e+10
       34.673685   3.3251136e+10
       35.075187   3.3878223e+10
       35.481339   3.4515891e+10
       35.892193   3.5144564e+10
       36.307805   3.5762775e+10
       36.728230   3.6360467e+10
       37.153523   3.6964537e+10
       37.583740   3.7556865e+10
       38.018940   3.8126696e+10
       38.459178   3.8688516e+10
       38.904514   3.9235502e+10
       39.355008   3.9770784e+10
       39.810717   4.0284591e+10
       40.271703   4.0795097e+10
       40.738028   4.1292592e+10
       41.209752   4.1774545e+10
       41.686938   4.2244902e+10
       42.169650   4.2700919e+10
       42.657952   4.3136464e+10
       43.151908   4.3566413e+10
       43.651583   4.3984792e+10
       44.157045   4.4391224e+10
       44.668359   4.4781208e+10
       45.185594   4.5162797e+10
       45.708819   4.5533757e+10
       46.238102   4.5891318e+10
       46.773514   4.6239945e+10
       47.315126   4.6579548e+10
       47.863009   4.6901296e+10
       48.417237   4.7221677e+10
       48.977882   4.7526684e+10
       49.545019   4.7812132e+10
       50.118723   4.8097989e+10
       50.699071   4.8377477e+10
       51.286138   4.8652389e+10
       51.880004   4.8892180e+10
       52.480746   4.9157435e+10
       53.088444   4.9391090e+10
       53.703180   4.9617339e+10
       54.325033   4.9844513e+10
       54.954087   5.0028430e+10
       55.590426   5.0242296e+10
       56.234133   5.0446918e+10
       56.885293   5.0627127e+10
       57.543994   5.0795859e+10
       58.210322   5.0966763e+10
       58.884366   5.1152417e+10
       59.566214   5.1285958e+10
       60.255959   5.1437075e+10
       60.953690   5.1577771e+10
       61.659500   5.1695289e+10
       62.373484   5.1821707e+10
       63.095734   5.1932607e+10
       63.826349   5.2056307e+10
       64.565423   5.2154049e+10
       65.313055   5.2234488e+10
       66.069345   5.2319287e+10
       66.834392   5.2371181e+10
       67.608298   5.2447332e+10
       68.391165   5.2506542e+10
       69.183097   5.2542885e+10
       69.984200   5.2589363e+10
       70.794578   5.2608371e+10
       71.614341   5.2621258e+10
       72.443596   5.2627516e+10
       73.282453   5.2620285e+10
       74.131024   5.2613318e+10
       74.989421   5.2598693e+10
       75.857758   5.2545485e+10
       76.736149   5.2510664e+10
       77.624712   5.2453644e+10
       78.523563   5.2382685e+10
       79.432823   5.2294668e+10
       80.352612   5.2204572e+10
       81.283052   5.2096149e+10
       82.224265   5.1985208e+10
       83.176377   5.1861937e+10
       84.139514   5.1725787e+10
       85.113804   5.1585790e+10
       86.099375   5.1431948e+10
       87.096359   5.1251173e+10
       88.104887   5.1055704e+10
       89.125094   5.0882151e+10
       90.157114   5.0670100e+10
       91.201084   5.0446762e+10
       92.257143   5.0215013e+10
       93.325430   4.9970345e+10
       94.406088   4.9714737e+10
       95.499259   4.9447666e+10
       96.605088   4.9152116e+10
       97.723722   4.8863845e+10
       98.855309   4.8571517e+10
       100.00000   4.8249044e+10
       101.15795   4.7920120e+10
       102.32930   4.7554811e+10
       103.51422   4.7203256e+10
       104.71285   4.6850699e+10
       105.92537   4.6481682e+10
       107.15193   4.6134980e+10
       108.39269   4.5744729e+10
       109.64782   4.5335972e+10
       110.91748   4.4955635e+10
       112.20185   4.4554826e+10
       113.50108   4.4159538e+10
       114.81536   4.3745177e+10
       116.14486   4.3326760e+10
       117.48976   4.2926865e+10
       118.85022   4.2521382e+10
       120.22644   4.2090660e+10
       121.61860   4.1669386e+10
       123.02688   4.1252646e+10
       124.45146   4.0842855e+10
       125.89254   4.0423321e+10
       127.35031   4.0003890e+10
       128.82496   3.9566986e+10
       130.31668   3.9140039e+10
       131.82567   3.8700022e+10
       133.35214   3.8256915e+10
       134.89629   3.7782030e+10
       136.45831   3.7292959e+10
       138.03843   3.6778582e+10
       139.63684   3.6238144e+10
       141.25375   3.5695846e+10
       142.88940   3.5106212e+10
       144.54398   3.4490490e+10
       146.21772   3.3866197e+10
       147.91084   3.3220791e+10
       149.62357   3.2562600e+10
       151.35612   3.1901597e+10
       153.10875   3.1223244e+10
       154.88166   3.0549133e+10
       156.67511   2.9882438e+10
       158.48932   2.9211100e+10
       160.32454   2.8539479e+10
       162.18101   2.7888115e+10
       164.05898   2.7247654e+10
       165.95869   2.6604348e+10
       167.88040   2.5974410e+10
       169.82437   2.5347421e+10
       171.79084   2.4741390e+10
       173.78008   2.4142194e+10
       175.79236   2.3551840e+10
       177.82794   2.2967625e+10
       179.88709   2.2400459e+10
       181.97009   2.1841693e+10
       184.07720   2.1290641e+10
       186.20871   2.0745398e+10
       188.36491   2.0219434e+10
       190.54607   1.9691862e+10
       192.75249   1.9183321e+10
       194.98446   1.8678216e+10
       197.24227   1.8180233e+10
       199.52623   1.7695294e+10
       201.83664   1.7219856e+10
       204.17379   1.6753824e+10
       206.53802   1.6294146e+10
       208.92961   1.5843466e+10
       211.34890   1.5402738e+10
       213.79621   1.4972629e+10
       216.27185   1.4551668e+10
       218.77616   1.4135284e+10
       221.30947   1.3729254e+10
       223.87211   1.3332349e+10
       226.46443   1.2943261e+10
       229.08677   1.2562698e+10
       231.73946   1.2188547e+10
       234.42288   1.1826058e+10
       237.13737   1.1470612e+10
       239.88329   1.1123699e+10
       242.66101   1.0786179e+10
       245.47089   1.0454281e+10
       248.31331   1.0129739e+10
       251.18864   9.8141823e+09
       254.09727   9.5056790e+09
       257.03958   9.2046107e+09
       260.01596   8.9115361e+09
       263.02680   8.6271074e+09
       266.07251   8.3495940e+09
       269.15348   8.0792472e+09
       272.27013   7.8151365e+09
       275.42287   7.5568623e+09
       278.61212   7.3077997e+09
       281.83829   7.0639014e+09
       285.10183   6.8276196e+09
       288.40315   6.5978823e+09
       291.74270   6.3744087e+09
       295.12092   6.1574009e+09
       298.53826   5.9455581e+09
       301.99517   5.7414268e+09
       305.49211   5.5423138e+09
       309.02954   5.3487396e+09
       312.60794   5.1620883e+09
       316.22777   4.9798770e+09
       319.88951   4.8036138e+09
       323.59366   4.6324205e+09
       327.34069   4.4664788e+09
       331.13112   4.3060999e+09
       334.96544   4.1500270e+09
       338.84416   3.9990022e+09
       342.76779   3.8535649e+09
       346.73685   3.7115671e+09
       350.75187   3.5748664e+09
       354.81339   3.4420931e+09
       358.92193   3.3140080e+09
       363.07805   3.1896353e+09
       367.28230   3.0695309e+09
       371.53523   2.9532317e+09
       375.83740   2.8410985e+09
       380.18940   2.7328409e+09
       384.59178   2.6278270e+09
       389.04514   2.5266109e+09
       393.55008   2.4291304e+09
       398.10717   2.3346164e+09
       402.71703   2.2432664e+09
       407.38028   2.1556293e+09
       412.09752   2.0706208e+09
       416.86938   1.9890168e+09
       421.69650   1.9100921e+09
       426.57952   1.8341372e+09
       431.51908   1.7607975e+09
       436.51583   1.6901702e+09
       441.57045   1.6220852e+09
       446.68359   1.5564339e+09
       451.85594   1.4934342e+09
       457.08819   1.4325872e+09
       462.38102   1.3738896e+09
       467.73514   1.3175437e+09
       473.15126   1.2633404e+09
       478.63009   1.2110083e+09
       484.17237   1.1607640e+09
       489.77882   1.1124982e+09
       495.45019   1.0660449e+09
       501.18723   1.0212764e+09
       506.99071   9.7822684e+08
       512.86138   9.3691160e+08
       518.80004   8.9718454e+08
       524.80746   8.5899764e+08
       530.88444   8.2241372e+08
       537.03180   7.8720089e+08
       543.25033   7.5338720e+08
       549.54087   7.2083373e+08
       555.90426   6.8973253e+08
       562.34133   6.5981959e+08
       568.85293   6.3115660e+08
       575.43994   6.0357699e+08
       582.10322   5.7716523e+08
       588.84366   5.5181715e+08
       595.66214   5.2758244e+08
       602.55959   5.0428952e+08
       609.53690   4.8194928e+08
       616.59500   4.6055726e+08
       623.73484   4.4001830e+08
       630.95734   4.2042165e+08
       638.26349   4.0157487e+08
       645.65423   3.8354336e+08
       653.13055   3.6626275e+08
       660.69345   3.4973590e+08
       668.34392   3.3387685e+08
       676.08298   3.1875764e+08
       683.91165   3.0425559e+08
       691.83097   2.9037372e+08
       699.84200   2.7711956e+08
       707.94578   2.6441343e+08
       716.14341   2.5226657e+08
       724.43596   2.4066425e+08
       732.82453   2.2955893e+08
       741.31024   2.1893521e+08
       749.89421   2.0877345e+08
       758.57758   1.9909380e+08
       767.36149   1.8982389e+08
       776.24712   1.8093877e+08
       785.23563   1.7248627e+08
       794.32823   1.6439801e+08
       803.52612   1.5666511e+08
       812.83052   1.4929356e+08
       822.24265   1.4224213e+08
       831.76377   1.3552229e+08
       841.39514   1.2910276e+08
       851.13804   1.2296987e+08
       860.99375   1.1711871e+08
       870.96359   1.1153899e+08
       881.04887   1.0621141e+08
       891.25094   1.0113014e+08
       901.57114       96290292.
       912.01084       91655140.
       922.57143       87250979.
       933.25430       83043489.
       944.06088       79032515.
       954.99259       75207180.
       966.05088       71564539.
       977.23722       68086263.
       988.55309       64776288.
       1000.0000       61621949.
