15.25 7.48623e+29 4.27988e+26
15.35 8.03716e+29 5.54287e+26
15.45 8.50855e+29 6.89231e+26
15.525 8.80362e+29 9.59522e+26
15.575 8.88006e+29 1.19637e+27
15.625 8.88325e+29 1.1188e+27
15.675 8.90039e+29 1.39505e+27
15.725 8.79637e+29 1.73956e+27
15.775 8.74918e+29 1.44615e+27
15.825 8.64002e+29 1.98373e+27
15.875 8.50326e+29 2.1365e+27
15.925 8.29621e+29 2.38397e+27
15.975 8.05898e+29 2.62336e+27
16.025 7.87196e+29 2.83556e+27
16.075 7.61175e+29 3.26451e+27
16.125 7.44097e+29 3.39305e+27
16.175 7.26654e+29 3.8089e+27
16.225 7.11055e+29 4.22305e+27
16.275 7.16401e+29 4.60919e+27
16.325 7.02586e+29 5.25667e+27
16.375 7.00301e+29 5.84011e+27
16.425 7.03225e+29 6.51845e+27
16.475 7.06824e+29 7.33452e+27
16.525 7.04753e+29 8.15548e+27
16.575 7.08741e+29 9.18187e+27
16.625 7.22923e+29 1.02169e+28
16.675 7.43572e+29 1.15881e+28
16.725 6.8869e+29 1.25304e+28
16.775 6.89108e+29 1.38303e+28
16.825 7.38128e+29 1.62061e+28
16.875 7.15708e+29 1.7881e+28
16.925 7.25196e+29 2.00924e+28
16.975 7.00558e+29 2.20109e+28
17.05 7.19317e+29 1.86941e+28
17.15 7.29088e+29 2.34169e+28
17.25 5.94881e+29 2.66144e+28
17.35 5.68021e+29 3.23969e+28
17.45 5.79306e+29 4.09006e+28
17.55 4.17542e+29 4.32262e+28
17.65 4.2675e+29 5.45775e+28
17.75 4.25184e+29 6.80819e+28
16.0453 8.14439e+29 6.62146e+27
16.1492 7.72077e+29 6.65584e+27
16.2504 7.21504e+29 3.94264e+27
16.3502 7.09709e+29 5.14282e+27
16.4502 7.05274e+29 5.03767e+27
16.5502 7.0366e+29 6.9083e+27
16.6503 7.13974e+29 7.73955e+27
16.7497 7.13916e+29 1.1332e+28
16.85 7.06211e+29 1.26109e+28
16.9499 6.78344e+29 1.59781e+28
17.0492 6.20847e+29 1.98444e+28
17.1492 5.83598e+29 2.22323e+28
17.2504 5.94372e+29 2.8565e+28
17.3502 5.68108e+29 3.44308e+28
17.4502 4.72673e+29 4.22029e+28
17.5502 4.68439e+29 4.88302e+28
17.6998 5.60147e+29 5.21595e+28
17.8998 3.71813e+29 6.54601e+28
15.2095 7.64621e+29 2.53666e+28
15.3093 8.14371e+29 3.30469e+28
15.4093 8.31373e+29 4.15687e+28
15.5093 9.03723e+29 4.51861e+28
15.6093 8.68908e+29 4.77811e+28
15.7088 9.04081e+29 4.83097e+28
15.8091 9.20542e+29 6.76869e+28
15.9089 8.28723e+29 6.08966e+28
16.0083 9.36812e+29 7.2261e+28
16.1083 7.47993e+29 7.07561e+28
16.2095 7.55395e+29 7.78347e+28
16.3093 7.90712e+29 9.95711e+28
16.4093 7.15227e+29 8.79691e+28
16.5093 6.60088e+29 1.04895e+29
16.6093 5.36144e+29 9.69467e+28
16.7088 6.56651e+29 1.29036e+29
14.0906 3.92659e+29 9.09037e+25
14.1906 4.1587e+29 8.87853e+25
14.2918 4.42215e+29 1.74858e+26
14.3916 4.64129e+29 3.41272e+26
14.4916 4.91529e+29 2.66773e+26
14.5916 5.23295e+29 3.91005e+26
14.6917 5.53928e+29 5.09828e+26
14.7911 5.85337e+29 4.96469e+26
14.8914 6.199e+29 6.80888e+26
14.9913 6.52347e+29 9.50112e+26
15.0906 6.8564e+29 1.11005e+27
15.1906 7.33933e+29 1.4476e+27
15.2918 7.87113e+29 1.99847e+27
15.3916 8.30809e+29 2.51084e+27
15.4916 8.78957e+29 3.27562e+27
15.5916 9.02083e+29 4.05959e+27
15.6917 8.91479e+29 5.02124e+27
15.7911 8.70256e+29 6.11995e+27
15.8914 8.25195e+29 7.20345e+27
15.9913 7.79025e+29 9.08028e+27
16.0906 7.08433e+29 1.0683e+28
16.1906 6.93446e+29 1.31516e+28
16.2918 6.99284e+29 1.6644e+28
16.3916 6.43726e+29 1.98638e+28
16.4916 6.67927e+29 2.53414e+28
16.5916 5.77679e+29 2.9345e+28
16.6917 5.28075e+29 3.51123e+28
16.7911 6.27131e+29 4.75099e+28
16.8914 5.56178e+29 5.59844e+28
16.9913 5.33262e+29 6.8387e+28
17.0906 6.7145e+29 9.55212e+28
17.1906 5.57059e+29 1.08575e+29
