3.0006 0.012810
3.1345 0.023388
3.0689 0.016151
3.1932 0.033043
3.2622 0.044439
3.2637 0.028494
3.3399 0.074532
3.4490 0.11939
3.4249 0.071074
3.5307 0.17818
3.6318 0.26411
3.7365 0.36900
3.8431 0.51469
3.9590 0.76516
4.0698 1.0404
4.1830 1.2927
4.2890 1.7115
4.4023 2.0768
4.5132 2.5125
4.6240 3.0878
4.7348 3.7083
4.8457 4.4810
4.9565 5.3075
5.0674 6.1335
5.1782 7.0499
5.2890 8.2417
5.3999 9.3731
5.5107 10.739
5.6215 12.258
5.7324 13.800
5.8432 15.465
5.9541 17.210
6.0649 19.495
6.1757 21.748
6.2866 24.141
6.3974 25.881
6.9937 45.618
