4.1511 0.00010730
4.1770 0.00016440
4.2244 0.00091279
4.2763 0.0025383
4.3286 0.0098212
4.3764 0.016571
4.4274 0.046811
4.4776 0.077676
4.5225 0.13027
4.5725 0.22444
4.6235 0.34143
4.6680 0.50146
4.7094 0.66536
4.7471 0.80993
4.7866 0.97688
4.8179 1.3710
4.8628 1.7387
4.9020 2.1584
4.9474 2.6541
4.9922 2.9694
5.0319 3.8965
5.0742 4.6521
5.1165 5.4769
5.1603 6.3343
5.2016 6.8996
5.2467 7.7215
5.2856 8.6720
5.3278 9.6827
5.3701 10.491
5.4124 11.531
5.4547 12.742
5.4969 13.810
5.5392 14.353
5.5815 14.903
5.6238 17.280
5.6660 17.425
5.7058 19.551
5.7506 20.378
5.7929 20.839
5.8351 22.386
5.8774 23.705
5.9197 25.348
5.9595 28.324
6.0042 29.183
6.0465 30.586
6.0888 31.001
6.1311 34.385
6.1733 34.445
6.2156 35.619
6.2579 40.913
6.3002 43.308
6.3500 45.235
6.3885 46.552
6.4270 42.939
6.4693 48.429
6.5115 53.213
6.5538 53.919
6.5961 54.478
6.6384 55.773
6.6806 62.040
6.7229 63.625
6.7652 71.382
6.8075 75.664
6.8497 74.990
6.8920 75.299
6.9343 80.593
6.9803 84.055
