3.1111 0.010433
3.1859 0.014330
3.2335 0.022780
3.2990 0.036266
3.3784 0.058674
3.4753 0.085258
3.5543 0.12648
3.6147 0.15745
3.6748 0.22272
3.7446 0.26338
3.8212 0.37508
3.8689 0.45116
3.9691 0.56590
4.0421 0.80641
4.1523 1.0715
4.2613 1.4150
4.3721 1.6892
4.4829 2.1193
4.5938 2.7123
4.7046 3.3433
4.8154 3.9442
4.9263 4.7704
5.0371 5.5662
5.1480 6.4364
5.2588 7.5833
5.3696 8.6567
5.4805 9.6107
5.5913 10.624
5.7022 12.079
5.8130 13.732
5.9238 15.811
6.0347 17.966
6.1455 19.202
6.2563 21.318
6.3672 23.001
6.4780 22.236
6.5889 25.265
6.6997 26.418
6.8105 26.055
6.9214 28.399
6.9926 28.034
