4.1245 0.00064782
4.1000 0.00022981
4.1764 0.0016293
4.1499 0.0010540
4.2246 0.0052850
4.1999 0.0032754
4.2746 0.021578
4.2507 0.011546
4.3170 0.042278
4.3745 0.094363
4.3498 0.064164
4.4132 0.15754
4.4575 0.25458
4.4992 0.31732
4.5349 0.39558
4.5681 0.55434
4.6038 0.68570
4.6472 0.85305
4.6810 1.1080
4.7161 1.4846
4.7555 1.9520
4.8036 2.4956
4.8475 3.0670
4.8897 3.6107
4.9320 4.3494
4.9743 5.1205
5.0166 6.0282
5.0588 6.7792
5.1011 7.6236
5.1434 8.4878
5.1857 9.1700
5.2279 9.9640
5.2702 10.506
5.3125 11.286
5.3548 12.123
5.3970 13.041
5.4393 14.252
5.4816 15.376
5.5239 16.004
5.5661 16.783
5.6099 17.722
5.6507 18.915
5.6930 19.189
5.7388 19.929
5.7775 21.475
5.8209 22.035
5.8621 23.434
5.9043 24.295
5.9466 25.549
5.9889 27.088
6.0312 28.464
6.0734 30.090
6.1157 32.277
6.1580 33.357
6.2003 33.994
6.2425 36.454
6.2848 38.119
6.3271 40.135
6.3694 42.965
6.4116 45.213
6.4571 46.150
6.4962 48.179
6.5385 52.366
6.5840 54.966
6.6230 62.470
6.6683 76.122
6.7114 132.12
6.7614 881.94
6.8036 947.66
6.8458 829.81
6.8516 177.09
6.8767 137.06
6.9098 91.065
6.9501 76.077
6.9900 71.393
6.7492 318.68
