5.72362	0.10285
5.80402	1.09833
5.91457	2.21938
6.04523	4.08317
6.24623	8.64696
6.49749	16.6723
6.62 22.5821
6.63 23.0788
6.64 23.5841
6.65 24.0982
6.66 24.621
6.67 25.1527
6.68 25.6937
6.69 26.2461
6.7 26.8266
6.71 27.5357
6.72 28.8547
6.73 32.5807
6.74 43.8166
6.75 73.1069
6.76 134.568
6.77 234.742
6.78 355.782
6.79 451.888
6.8 474.902
6.81 412.375
6.82 298.404
6.83 184.819
6.84 104.83
6.85 62.3327
6.86 44.9991
6.87 39.7558
6.88 38.9162
6.89 39.3294
6.9 40.0302
6.91 40.7909
6.92 41.5692
6.93 42.3591
6.94 43.1598
6.95 43.9714
6.96 44.7939
6.97 45.6272
6.98 46.4716
6.99 47.3269
7 48.1933
7.01 49.0708
7.02 49.9593
7.03 50.8589
7.04 51.7697
7.05 52.6917
7.06 53.6248
7.07 54.5691
7.08 55.5246
7.09 56.4914
7.1 57.4693
7.11 58.4585
7.12 59.4588
7.13 60.4704
7.14 61.4932
7.15 62.5271
7.16 63.5723
7.17 64.6286
7.18 65.696
7.19 66.7745
7.2 67.8641
7.54271	111.389
8.14573	247.215
8.78894	535.95
9.51256	1276.16
10.2965	2766.66
10.8492	3841.68
10.9698	3841.68
