3.3675 0.011958
3.4350 0.018350
3.5257 0.027673
3.6139 0.039054
3.6970 0.059557
3.7978 0.087215
3.8985 0.12661
3.9993 0.17783
4.1101 0.25530
4.2210 0.34783
4.3318 0.48052
4.4426 0.62515
4.5535 0.80090
4.6643 1.0166
4.7751 1.2865
4.8860 1.5285
4.9968 1.8300
5.1077 2.1909
5.2185 2.5358
5.3293 3.0127
5.4402 3.4232
5.5510 3.8301
5.6618 4.2657
5.7727 5.1625
5.8835 5.9111
5.9944 7.4687
6.1052 8.3566
6.2160 9.7918
6.3269 10.838
6.4377 12.429
6.5485 12.818
6.6594 15.299
6.7702 17.464
6.8811 17.954
6.9617 18.883
