4.1997 0.00012227
4.2225 0.00023106
4.2506 0.00063856
4.2767 0.0012372
4.2998 0.0017983
4.3262 0.0041157
4.3764 0.0070916
4.4285 0.013888
4.4769 0.030257
4.5131 0.051544
4.5784 0.083386
4.6457 0.13649
4.7037 0.25053
4.7629 0.43513
4.8309 0.67471
4.8678 0.82201
4.9030 0.97643
4.9535 1.4076
5.0127 1.9677
5.0550 2.3166
5.0973 2.7429
5.1421 3.2261
5.1818 4.0663
5.2241 4.6655
5.2664 5.6279
5.3080 6.6047
5.3504 7.9055
5.4355 9.5683
5.4810 10.390
5.5173 10.708
5.5623 12.088
5.6046 12.948
5.6468 13.830
5.6891 14.899
5.7314 16.258
5.7737 17.819
5.8159 19.584
5.8582 21.219
5.9005 22.631
5.9428 24.206
5.9850 25.707
6.0273 28.133
6.0696 29.326
6.1119 31.367
6.1541 32.463
6.1964 33.937
6.2387 35.783
6.2810 37.622
6.3232 39.442
6.3655 41.232
6.4078 42.918
6.4501 44.802
6.4923 47.239
6.5346 50.817
6.5795 52.414
6.6197 53.345
6.6614 56.637
6.7003 60.603
6.7460 61.482
6.7907 62.441
6.8744 64.594
6.9538 73.087
6.9862 78.080
