1.78e6 6.54 0.25 2.20 1e-13          6.33 0.21 1.31 1e-13
2.24e6 3.54 0.13 0.75 1e-13          3.45 0.14 0.70 1e-13
2.82e6 1.80 0.08 0.49 1e-13          1.80 0.09 0.38 1e-13
3.55e6 1.01 0.05 0.22 1e-13          1.00 0.05 0.22 1e-13
4.47e6 4.90 0.27 1.00 1e-14          4.91 0.27 1.02 1e-14
5.62e6 2.59 0.18 0.56 1e-14          2.62 0.14 0.55 1e-14
7.08e6 1.20 0.11 0.26 1e-14          1.36 0.10 0.28 1e-14
8.91e6 6.41 0.62 1.35 1e-15          6.26 0.46 1.30 1e-15
1.12e7 2.81 0.35 0.59 1e-15          3.63 0.28 0.75 1e-15
1.41e7 1.54 0.22 0.33 1e-15          1.48 0.14 0.31 1e-15
1.78e7 6.24 1.35 1.39 1e-16          7.57 0.78 0.16 1e-16
2.24e7 3.09 0.78 0.64 1e-16          4.05 0.51 0.87 1e-16
2.82e7 1.98 0.45 0.43 1e-16          1.87 0.23 0.44 1e-16
3.55e7 8.10 2.52 1.93 1e-17          8.81 1.4 2.38 1e-17
4.47e7 4.22 1.16 1.14 1e-17          3.65 0.66 1.18 1e-17
5.62e7 1.83 0.74 0.79 1e-17          2.29 0.45 0.89 1e-17
7.08e7 1.37 0.40 0.53 1e-17          9.29 2.72 5.38 1e-18
8.91e7 6.07 2.87 4.02 1e-18          5.81 2.07 4.31 1e-18




































