1.778280e+15 6.999120e-22 1.415250e-23 1.415250e-23
2.238720e+15 3.460920e-22 8.634420e-24 8.634420e-24
2.818380e+15 1.981250e-22 5.788200e-24 5.788200e-24
3.548140e+15 9.777540e-23 4.099680e-24 4.099680e-24
4.466830e+15 4.927830e-23 2.194640e-24 2.194640e-24
5.623410e+15 2.734310e-23 1.468730e-24 1.468730e-24
7.079450e+15 1.342410e-23 1.036880e-24 1.036880e-24
8.912500e+15 6.768830e-24 6.437190e-25 6.437190e-25
1.122010e+16 3.163540e-24 3.472360e-25 3.472360e-25
1.412530e+16 1.706840e-24 2.563540e-25 2.563540e-25
1.778270e+16 8.007910e-25 1.498830e-25 1.498830e-25
2.238720e+16 4.334790e-25 8.431170e-26 8.431170e-26
2.818380e+16 1.957880e-25 5.581100e-26 5.581100e-26
3.548130e+16 1.203740e-25 3.156630e-26 3.156630e-26
4.466830e+16 3.393130e-26 1.227980e-26 1.227980e-26
5.623410e+16 2.924340e-26 8.449270e-27 8.449270e-27
7.079450e+16 1.171860e-26 3.656240e-27 3.656240e-27
8.912510e+16 6.338580e-27 1.932530e-27 1.932530e-27
