1.778280e+16 7.149010e-25 3.807200e-27 3.807200e-27
2.238720e+16 3.586450e-25 2.081830e-27 2.081830e-27
2.818380e+16 1.869500e-25 1.198000e-27 1.198000e-27
3.548130e+16 9.155830e-26 7.470480e-28 7.470480e-28
4.466840e+16 4.677390e-26 4.759470e-28 4.759470e-28
5.623410e+16 2.300450e-26 2.974740e-28 2.974740e-28
7.079460e+16 1.173990e-26 1.894070e-28 1.894070e-28
8.912510e+16 5.837450e-27 1.190340e-28 1.190340e-28
1.122020e+17 2.847980e-27 7.410090e-29 7.410090e-29
1.412540e+17 1.278760e-27 4.425360e-29 4.425360e-29
1.778280e+17 6.276650e-28 2.764490e-29 2.764490e-29
2.238720e+17 3.392190e-28 1.810410e-29 1.810410e-29
2.818380e+17 1.411950e-28 1.041310e-29 1.041310e-29
3.548130e+17 7.195220e-29 6.622410e-30 6.622410e-30
5.011870e+17 2.838170e-29 2.442450e-30 2.442450e-30
7.943280e+17 6.234910e-30 9.092770e-31 9.092770e-31
