# Photo-pion interaction rate with the MBB, $T=10$ K, $\sigma=1$
# log10(gamma)	1/lambda_proton [1/Mpc]	1/lambda_neutron [1/Mpc]
6.00	0.000000e+00	0.000000e+00
6.04	0.000000e+00	0.000000e+00
6.08	0.000000e+00	0.000000e+00
6.12	0.000000e+00	0.000000e+00
6.16	0.000000e+00	0.000000e+00
6.20	0.000000e+00	0.000000e+00
6.24	0.000000e+00	0.000000e+00
6.28	0.000000e+00	0.000000e+00
6.32	0.000000e+00	0.000000e+00
6.36	0.000000e+00	0.000000e+00
6.40	0.000000e+00	0.000000e+00
6.44	0.000000e+00	0.000000e+00
6.48	0.000000e+00	0.000000e+00
6.52	0.000000e+00	0.000000e+00
6.56	0.000000e+00	0.000000e+00
6.60	0.000000e+00	0.000000e+00
6.64	0.000000e+00	0.000000e+00
6.68	0.000000e+00	0.000000e+00
6.72	0.000000e+00	0.000000e+00
6.76	0.000000e+00	0.000000e+00
6.80	0.000000e+00	0.000000e+00
6.84	0.000000e+00	0.000000e+00
6.88	0.000000e+00	0.000000e+00
6.92	0.000000e+00	0.000000e+00
6.96	0.000000e+00	0.000000e+00
7.00	0.000000e+00	0.000000e+00
7.04	0.000000e+00	0.000000e+00
7.08	0.000000e+00	0.000000e+00
7.12	0.000000e+00	0.000000e+00
7.16	0.000000e+00	0.000000e+00
7.20	0.000000e+00	0.000000e+00
7.24	0.000000e+00	0.000000e+00
7.28	0.000000e+00	0.000000e+00
7.32	0.000000e+00	0.000000e+00
7.36	0.000000e+00	0.000000e+00
7.40	0.000000e+00	0.000000e+00
7.44	0.000000e+00	0.000000e+00
7.48	0.000000e+00	0.000000e+00
7.52	0.000000e+00	0.000000e+00
7.56	0.000000e+00	0.000000e+00
7.60	0.000000e+00	0.000000e+00
7.64	0.000000e+00	0.000000e+00
7.68	0.000000e+00	0.000000e+00
7.72	0.000000e+00	0.000000e+00
7.76	0.000000e+00	0.000000e+00
7.80	0.000000e+00	0.000000e+00
7.84	0.000000e+00	0.000000e+00
7.88	0.000000e+00	0.000000e+00
7.92	0.000000e+00	0.000000e+00
7.96	0.000000e+00	0.000000e+00
8.00	0.000000e+00	0.000000e+00
8.04	0.000000e+00	0.000000e+00
8.08	0.000000e+00	0.000000e+00
8.12	3.358338e-286	2.306229e-284
8.16	1.028597e-260	3.934960e-259
8.20	1.758086e-237	3.957008e-236
8.24	2.653151e-216	3.699543e-215
8.28	5.373916e-197	4.877938e-196
8.32	2.141014e-179	1.327347e-178
8.36	2.377815e-163	1.055207e-162
8.40	1.011634e-148	3.363811e-148
8.44	2.202538e-135	5.734088e-135
8.48	3.194218e-123	6.784946e-123
8.52	3.921990e-112	7.056899e-112
8.56	5.071001e-102	7.987937e-102
8.60	8.420165e-93	1.194149e-92
8.64	2.150999e-84	2.810763e-84
8.68	9.965613e-77	1.222500e-76
8.72	9.728111e-70	1.137036e-69
8.76	2.293970e-63	2.584519e-63
8.80	1.480265e-57	1.622148e-57
8.84	2.928826e-52	3.143495e-52
8.88	1.971205e-47	2.083132e-47
8.92	4.961195e-43	5.182973e-43
8.96	5.090787e-39	5.273478e-39
9.00	2.304434e-35	2.372349e-35
9.04	4.944894e-32	5.067634e-32
9.08	5.370993e-29	5.486301e-29
9.12	3.135067e-26	3.194847e-26
9.16	1.038585e-23	1.056621e-23
9.20	2.052418e-21	2.085622e-21
9.24	2.531898e-19	2.570805e-19
9.28	2.032257e-17	2.062403e-17
9.32	1.102247e-15	1.118238e-15
9.36	4.181414e-14	4.241354e-14
9.40	1.144914e-12	1.161262e-12
9.44	2.328585e-11	2.361916e-11
9.48	3.611219e-10	3.663293e-10
9.52	4.373564e-09	4.437355e-09
9.56	4.227742e-08	4.290326e-08
9.60	3.327511e-07	3.377652e-07
9.64	2.171526e-06	2.204928e-06
9.68	1.194706e-05	1.213515e-05
9.72	5.626075e-05	5.716982e-05
9.76	2.299526e-04	2.337774e-04
9.80	8.262197e-04	8.404109e-04
9.84	2.640336e-03	2.687333e-03
9.88	7.585811e-03	7.726275e-03
9.92	1.978905e-02	2.017185e-02
9.96	4.730280e-02	4.826296e-02
10.00	1.044776e-01	1.067130e-01
10.04	2.148583e-01	2.197253e-01
10.08	4.142593e-01	4.242312e-01
10.12	7.534443e-01	7.727704e-01
10.16	1.299620e+00	1.335189e+00
10.20	2.135775e+00	2.198123e+00
10.24	3.356860e+00	3.461158e+00
10.28	5.062060e+00	5.228809e+00
10.32	7.343152e+00	7.598214e+00
10.36	1.027005e+01	1.064365e+01
10.40	1.387599e+01	1.440043e+01
10.44	1.814561e+01	1.885165e+01
10.48	2.300924e+01	2.392141e+01
10.52	2.834552e+01	2.947689e+01
10.56	3.399247e+01	3.533962e+01
10.60	3.976494e+01	4.130391e+01
10.64	4.547491e+01	4.715871e+01
10.68	5.095031e+01	5.270855e+01
10.72	5.604914e+01	5.778981e+01
10.76	6.066689e+01	6.228031e+01
10.80	6.473733e+01	6.610202e+01
10.84	6.822816e+01	6.921809e+01
10.88	7.113363e+01	7.162638e+01
10.92	7.346652e+01	7.335162e+01
10.96	7.525107e+01	7.443779e+01
11.00	7.651792e+01	7.494164e+01
11.04	7.730113e+01	7.492756e+01
11.08	7.763687e+01	7.446375e+01
11.12	7.756332e+01	7.361932e+01
11.16	7.712083e+01	7.246207e+01
11.20	7.635215e+01	7.105678e+01
11.24	7.530216e+01	6.946390e+01
11.28	7.401733e+01	6.773863e+01
11.32	7.254457e+01	6.593023e+01
11.36	7.093007e+01	6.408173e+01
11.40	6.921788e+01	6.222984e+01
11.44	6.744872e+01	6.040497e+01
11.48	6.565896e+01	5.863160e+01
11.52	6.387993e+01	5.692856e+01
11.56	6.213759e+01	5.530958e+01
11.60	6.045243e+01	5.378386e+01
11.64	5.883978e+01	5.235664e+01
11.68	5.731023e+01	5.102989e+01
11.72	5.587025e+01	4.980292e+01
11.76	5.452284e+01	4.867300e+01
11.80	5.326824e+01	4.763592e+01
11.84	5.210456e+01	4.668646e+01
11.88	5.102837e+01	4.581882e+01
11.92	5.003522e+01	4.502696e+01
11.96	4.912009e+01	4.430484e+01
12.00	4.827768e+01	4.364666e+01
12.04	4.750269e+01	4.304698e+01
12.08	4.679002e+01	4.250078e+01
12.12	4.613485e+01	4.200353e+01
12.16	4.553273e+01	4.155117e+01
12.20	4.497959e+01	4.114008e+01
12.24	4.447171e+01	4.076706e+01
12.28	4.400574e+01	4.042925e+01
12.32	4.357865e+01	4.012409e+01
12.36	4.318765e+01	3.984929e+01
12.40	4.283023e+01	3.960275e+01
12.44	4.250408e+01	3.938259e+01
12.48	4.220709e+01	3.918706e+01
12.52	4.193733e+01	3.901457e+01
12.56	4.169302e+01	3.886363e+01
12.60	4.147254e+01	3.873290e+01
12.64	4.127439e+01	3.862113e+01
12.68	4.109722e+01	3.852718e+01
12.72	4.093980e+01	3.845000e+01
12.76	4.080098e+01	3.838864e+01
12.80	4.067976e+01	3.834223e+01
12.84	4.057520e+01	3.830998e+01
12.88	4.048646e+01	3.829117e+01
12.92	4.041279e+01	3.828515e+01
12.96	4.035350e+01	3.829135e+01
13.00	4.030795e+01	3.830922e+01
13.04	4.027560e+01	3.833830e+01
13.08	4.025593e+01	3.837814e+01
13.12	4.024848e+01	3.842835e+01
13.16	4.025281e+01	3.848857e+01
13.20	4.026854e+01	3.855848e+01
13.24	4.029532e+01	3.863778e+01
13.28	4.033282e+01	3.872620e+01
13.32	4.038073e+01	3.882348e+01
13.36	4.043878e+01	3.892940e+01
13.40	4.050671e+01	3.904374e+01
13.44	4.058426e+01	3.916631e+01
13.48	4.067122e+01	3.929691e+01
13.52	4.076738e+01	3.943537e+01
13.56	4.087252e+01	3.958155e+01
13.60	4.098645e+01	3.973527e+01
13.64	4.110901e+01	3.989641e+01
13.68	4.124002e+01	4.006482e+01
13.72	4.137931e+01	4.024038e+01
13.76	4.152673e+01	4.042297e+01
13.80	4.168214e+01	4.061247e+01
13.84	4.184539e+01	4.080877e+01
13.88	4.201634e+01	4.101178e+01
13.92	4.219488e+01	4.122139e+01
13.96	4.238088e+01	4.143751e+01
14.00	4.257421e+01	4.166005e+01
14.04	4.277477e+01	4.188893e+01
14.08	4.298245e+01	4.212406e+01
14.12	4.319714e+01	4.236537e+01
14.16	4.341875e+01	4.261279e+01
14.20	4.364719e+01	4.286623e+01
14.24	4.388235e+01	4.312565e+01
14.28	4.412417e+01	4.339097e+01
14.32	4.437254e+01	4.366214e+01
14.36	4.462740e+01	4.393909e+01
14.40	4.488867e+01	4.422177e+01
14.44	4.515627e+01	4.451013e+01
14.48	4.543013e+01	4.480413e+01
14.52	4.571020e+01	4.510370e+01
14.56	4.599641e+01	4.540882e+01
14.60	4.628870e+01	4.571943e+01
14.64	4.658700e+01	4.603551e+01
14.68	4.689128e+01	4.635700e+01
14.72	4.720145e+01	4.668386e+01
14.76	4.751740e+01	4.701597e+01
14.80	4.783878e+01	4.735296e+01
14.84	4.816457e+01	4.769370e+01
14.88	4.849197e+01	4.803511e+01
14.92	4.881423e+01	4.836991e+01
14.96	4.911722e+01	4.868297e+01
15.00	4.937490e+01	4.894686e+01
15.04	4.954500e+01	4.911759e+01
15.08	4.956682e+01	4.913285e+01
15.12	4.936339e+01	4.891466e+01
15.16	4.884897e+01	4.837747e+01
15.20	4.794157e+01	4.744095e+01
15.24	4.657756e+01	4.604465e+01
15.28	4.472504e+01	4.416078e+01
15.32	4.239208e+01	4.180182e+01
15.36	3.962796e+01	3.902096e+01
15.40	3.651740e+01	3.590561e+01
15.44	3.316936e+01	3.256591e+01
15.48	2.970346e+01	2.912112e+01
15.52	2.623675e+01	2.568668e+01
15.56	2.287307e+01	2.236397e+01
15.60	1.969615e+01	1.923388e+01
15.64	1.676647e+01	1.635406e+01
15.68	1.412144e+01	1.375940e+01
15.72	1.177787e+01	1.146467e+01
15.76	9.735700e+00	9.468322e+00
15.80	7.982267e+00	7.756715e+00
15.84	6.496340e+00	6.308102e+00
15.88	5.251659e+00	5.096066e+00
15.92	4.219756e+00	4.092251e+00
15.96	3.372063e+00	3.268377e+00
16.00	2.681345e+00	2.597610e+00
