# Photo-pion interaction rate with the BPL, $\epsilon_0 = 0.25$ eV, $\alpha=5/2$, $\beta=-2.0$
# log10(gamma)	1/lambda_proton [1/Mpc]	1/lambda_neutron [1/Mpc]
6.00	1.356898e+05	1.348886e+05
6.04	1.487810e+05	1.479025e+05
6.08	1.631351e+05	1.621718e+05
6.12	1.788741e+05	1.778179e+05
6.16	1.961315e+05	1.949734e+05
6.20	2.150539e+05	2.137841e+05
6.24	2.358019e+05	2.344096e+05
6.28	2.585517e+05	2.570250e+05
6.32	2.834963e+05	2.818223e+05
6.36	3.108475e+05	3.090120e+05
6.40	3.408375e+05	3.388250e+05
6.44	3.737209e+05	3.715142e+05
6.48	4.097768e+05	4.073572e+05
6.52	4.493113e+05	4.466583e+05
6.56	4.926601e+05	4.897511e+05
6.60	5.401910e+05	5.370014e+05
6.64	5.923077e+05	5.888103e+05
6.68	6.494524e+05	6.456177e+05
6.72	7.121104e+05	7.079057e+05
6.76	7.808136e+05	7.762032e+05
6.80	8.561450e+05	8.510898e+05
6.84	9.387444e+05	9.332014e+05
6.88	1.029313e+06	1.023235e+06
6.92	1.128619e+06	1.121955e+06
6.96	1.237506e+06	1.230199e+06
7.00	1.356898e+06	1.348886e+06
7.04	1.487810e+06	1.479025e+06
7.08	1.631351e+06	1.621718e+06
7.12	1.788741e+06	1.778179e+06
7.16	1.961315e+06	1.949734e+06
7.20	2.150539e+06	2.137841e+06
7.24	2.358019e+06	2.344096e+06
7.28	2.585517e+06	2.570250e+06
7.32	2.834963e+06	2.818223e+06
7.36	3.108475e+06	3.090120e+06
7.40	3.408375e+06	3.388250e+06
7.44	3.737209e+06	3.715142e+06
7.48	4.097768e+06	4.073572e+06
7.52	4.493113e+06	4.466583e+06
7.56	4.926601e+06	4.897511e+06
7.60	5.401910e+06	5.370014e+06
7.64	5.923077e+06	5.888103e+06
7.68	6.494524e+06	6.456177e+06
7.72	7.121104e+06	7.079057e+06
7.76	7.808136e+06	7.762032e+06
7.80	8.561450e+06	8.510898e+06
7.84	9.387444e+06	9.332014e+06
7.88	1.029313e+07	1.023235e+07
7.92	1.128619e+07	1.121955e+07
7.96	1.237506e+07	1.230199e+07
8.00	1.356898e+07	1.348886e+07
8.04	1.487810e+07	1.479025e+07
8.08	1.631351e+07	1.621718e+07
8.12	1.788741e+07	1.778179e+07
8.16	1.961315e+07	1.949734e+07
8.20	2.150539e+07	2.137841e+07
8.24	2.358019e+07	2.344096e+07
8.28	2.585517e+07	2.570250e+07
8.32	2.834963e+07	2.818223e+07
8.36	3.108475e+07	3.090120e+07
8.40	3.408375e+07	3.388250e+07
8.44	3.737209e+07	3.715142e+07
8.48	4.097768e+07	4.073572e+07
8.52	4.492857e+07	4.466325e+07
8.56	4.921950e+07	4.892802e+07
8.60	5.378590e+07	5.346342e+07
8.64	5.852709e+07	5.816536e+07
8.68	6.332324e+07	6.290880e+07
8.72	6.803212e+07	6.754357e+07
8.76	7.246513e+07	7.186874e+07
8.80	7.635868e+07	7.560133e+07
8.84	7.938512e+07	7.838567e+07
8.88	8.129799e+07	7.994925e+07
8.92	8.212274e+07	8.031221e+07
8.96	8.210284e+07	7.973355e+07
9.00	8.153187e+07	7.853080e+07
9.04	8.066507e+07	7.698353e+07
9.08	7.966948e+07	7.528617e+07
9.12	7.861100e+07	7.353725e+07
9.16	7.748800e+07	7.176582e+07
9.20	7.624171e+07	6.993943e+07
9.24	7.480291e+07	6.800947e+07
9.28	7.319308e+07	6.600802e+07
9.32	7.146507e+07	6.400468e+07
9.36	6.964093e+07	6.205195e+07
9.40	6.775360e+07	6.018519e+07
9.44	6.586099e+07	5.842915e+07
9.48	6.401386e+07	5.679598e+07
9.52	6.224311e+07	5.528497e+07
9.56	6.056634e+07	5.389057e+07
9.60	5.899710e+07	5.261036e+07
9.64	5.754535e+07	5.144387e+07
9.68	5.621520e+07	5.038883e+07
9.72	5.500498e+07	4.943997e+07
9.76	5.390862e+07	4.858954e+07
9.80	5.291740e+07	4.782841e+07
9.84	5.202143e+07	4.714704e+07
9.88	5.121072e+07	4.653630e+07
9.92	5.047587e+07	4.598783e+07
9.96	4.980839e+07	4.549432e+07
10.00	4.920088e+07	4.504954e+07
10.04	4.864698e+07	4.464823e+07
10.08	4.814127e+07	4.428603e+07
10.12	4.767918e+07	4.395929e+07
10.16	4.725680e+07	4.366495e+07
10.20	4.687080e+07	4.340039e+07
10.24	4.651826e+07	4.316337e+07
10.28	4.619665e+07	4.295191e+07
10.32	4.590373e+07	4.276427e+07
10.36	4.563801e+07	4.259936e+07
10.40	4.539838e+07	4.245643e+07
10.44	4.518350e+07	4.233447e+07
10.48	4.499200e+07	4.223238e+07
10.52	4.482245e+07	4.214897e+07
10.56	4.467350e+07	4.208313e+07
10.60	4.454390e+07	4.203375e+07
10.64	4.443251e+07	4.199986e+07
10.68	4.433822e+07	4.198052e+07
10.72	4.426007e+07	4.197489e+07
10.76	4.419718e+07	4.198219e+07
10.80	4.414875e+07	4.200173e+07
10.84	4.411406e+07	4.203287e+07
10.88	4.409244e+07	4.207503e+07
10.92	4.408328e+07	4.212768e+07
10.96	4.408602e+07	4.219033e+07
11.00	4.410014e+07	4.226251e+07
11.04	4.412513e+07	4.234379e+07
11.08	4.416053e+07	4.243377e+07
11.12	4.420590e+07	4.253205e+07
11.16	4.426081e+07	4.263825e+07
11.20	4.432483e+07	4.275201e+07
11.24	4.439756e+07	4.287295e+07
11.28	4.447859e+07	4.300072e+07
11.32	4.456749e+07	4.313495e+07
11.36	4.466386e+07	4.327525e+07
11.40	4.476730e+07	4.342127e+07
11.44	4.487735e+07	4.357258e+07
11.48	4.499359e+07	4.372882e+07
11.52	4.511554e+07	4.388953e+07
11.56	4.524272e+07	4.405427e+07
11.60	4.537465e+07	4.422257e+07
11.64	4.551080e+07	4.439396e+07
11.68	4.565060e+07	4.456788e+07
11.72	4.579346e+07	4.474380e+07
11.76	4.593875e+07	4.492109e+07
11.80	4.608580e+07	4.509913e+07
11.84	4.623390e+07	4.527721e+07
11.88	4.638228e+07	4.545459e+07
11.92	4.653010e+07	4.563047e+07
11.96	4.667647e+07	4.580398e+07
12.00	4.682042e+07	4.597416e+07
12.04	4.696091e+07	4.613999e+07
12.08	4.709680e+07	4.630035e+07
12.12	4.722687e+07	4.645405e+07
12.16	4.734978e+07	4.659975e+07
12.20	4.746407e+07	4.673601e+07
12.24	4.756817e+07	4.686128e+07
12.28	4.766036e+07	4.697384e+07
12.32	4.773875e+07	4.707182e+07
12.36	4.780128e+07	4.715318e+07
12.40	4.784575e+07	4.721570e+07
12.44	4.786969e+07	4.725692e+07
12.48	4.787043e+07	4.727419e+07
12.52	4.784507e+07	4.726458e+07
12.56	4.779037e+07	4.722490e+07
12.60	4.770287e+07	4.715164e+07
12.64	4.757876e+07	4.704098e+07
12.68	4.741383e+07	4.688873e+07
12.72	4.720350e+07	4.669029e+07
12.76	4.694275e+07	4.644063e+07
12.80	4.662608e+07	4.613422e+07
12.84	4.624748e+07	4.576504e+07
12.88	4.580035e+07	4.532646e+07
12.92	4.527746e+07	4.481122e+07
12.96	4.467089e+07	4.421137e+07
13.00	4.397197e+07	4.351818e+07
13.04	4.317117e+07	4.272210e+07
13.08	4.225807e+07	4.181266e+07
13.12	4.122124e+07	4.077837e+07
13.16	4.004816e+07	3.960664e+07
13.20	3.872509e+07	3.828366e+07
13.24	3.723697e+07	3.679430e+07
13.28	3.556731e+07	3.512198e+07
13.32	3.369800e+07	3.324849e+07
13.36	3.160920e+07	3.115389e+07
13.40	2.927919e+07	2.881633e+07
13.44	2.668411e+07	2.621180e+07
13.48	2.379781e+07	2.331404e+07
13.52	2.059164e+07	2.009422e+07
13.56	1.703413e+07	1.652071e+07
13.60	1.309087e+07	1.256203e+07
13.64	9.484490e+06	9.100386e+06
13.68	6.870905e+06	6.592647e+06
13.72	4.977531e+06	4.775950e+06
13.76	3.605902e+06	3.459870e+06
13.80	2.612245e+06	2.506454e+06
13.84	1.892404e+06	1.815766e+06
13.88	1.370926e+06	1.315406e+06
13.92	9.931480e+05	9.529274e+05
13.96	7.194721e+05	6.903349e+05
14.00	5.212115e+05	5.001034e+05
14.04	3.775843e+05	3.622929e+05
14.08	2.735357e+05	2.624580e+05
14.12	1.981591e+05	1.901340e+05
14.16	1.435536e+05	1.377399e+05
14.20	1.039954e+05	9.978375e+04
14.24	7.533798e+04	7.228693e+04
14.28	5.457754e+04	5.236725e+04
14.32	3.953793e+04	3.793672e+04
14.36	2.864270e+04	2.748273e+04
14.40	2.074980e+04	1.990947e+04
14.44	1.503190e+04	1.442314e+04
14.48	1.088965e+04	1.044864e+04
14.52	7.888855e+03	7.569371e+03
14.56	5.714970e+03	5.483525e+03
14.60	4.140130e+03	3.972462e+03
14.64	2.999259e+03	2.877795e+03
14.68	2.172771e+03	2.084778e+03
14.72	1.574033e+03	1.510288e+03
14.76	1.140286e+03	1.094107e+03
14.80	8.260645e+02	7.926105e+02
14.84	5.984308e+02	5.741955e+02
14.88	4.335248e+02	4.159679e+02
14.92	3.140610e+02	3.013421e+02
14.96	2.275171e+02	2.183030e+02
15.00	1.648215e+02	1.581466e+02
15.04	1.194027e+02	1.145671e+02
15.08	8.649957e+01	8.299650e+01
15.12	6.266340e+01	6.012565e+01
15.16	4.539562e+01	4.355718e+01
15.20	3.288622e+01	3.155439e+01
15.24	2.382396e+01	2.285914e+01
15.28	1.725893e+01	1.655998e+01
15.32	1.250299e+01	1.199664e+01
15.36	9.057617e+00	8.690801e+00
15.40	6.561664e+00	6.295929e+00
15.44	4.753505e+00	4.560997e+00
15.48	3.443610e+00	3.304150e+00
15.52	2.494675e+00	2.393645e+00
15.56	1.807232e+00	1.734043e+00
15.60	1.309224e+00	1.256203e+00
15.64	9.484490e-01	9.100386e-01
15.68	6.870905e-01	6.592647e-01
15.72	4.977531e-01	4.775950e-01
15.76	3.605902e-01	3.459870e-01
15.80	2.612245e-01	2.506454e-01
15.84	1.892404e-01	1.815766e-01
15.88	1.370926e-01	1.315406e-01
15.92	9.931480e-02	9.529274e-02
15.96	7.194721e-02	6.903349e-02
16.00	5.212115e-02	5.001034e-02
