# Photo-pion interaction rate with the BB, $T=1000$ K
# log10(gamma)	1/lambda_proton [1/Mpc]	1/lambda_neutron [1/Mpc]
6.00	0.000000e+00	0.000000e+00
6.04	0.000000e+00	0.000000e+00
6.08	0.000000e+00	0.000000e+00
6.12	2.435784e-283	1.689466e-281
6.16	8.179181e-258	3.160232e-256
6.20	1.532615e-234	3.483693e-233
6.24	2.535442e-213	3.569954e-212
6.28	5.629162e-194	5.158481e-193
6.32	2.458030e-176	1.537985e-175
6.36	2.991622e-160	1.339315e-159
6.40	1.394612e-145	4.675639e-145
6.44	3.326539e-132	8.726235e-132
6.48	5.284574e-120	1.130221e-119
6.52	7.106684e-109	1.286489e-108
6.56	1.006262e-98	1.593472e-98
6.60	1.829526e-89	2.606431e-89
6.64	5.116867e-81	6.712150e-81
6.68	2.595127e-73	3.193833e-73
6.72	2.772782e-66	3.249663e-66
6.76	7.155588e-60	8.080039e-60
6.80	5.052417e-54	5.546958e-54
6.84	1.093655e-48	1.175599e-48
6.88	8.051251e-44	8.518942e-44
6.92	2.216012e-39	2.317394e-39
6.96	2.486139e-35	2.577439e-35
7.00	1.230130e-31	1.267203e-31
7.04	2.884506e-28	2.957627e-28
7.08	3.422693e-25	3.497598e-25
7.12	2.181820e-22	2.224134e-22
7.16	7.890793e-20	8.029814e-20
7.20	1.701713e-17	1.729568e-17
7.24	2.289967e-15	2.325481e-15
7.28	2.004152e-13	2.034083e-13
7.32	1.184651e-11	1.201915e-11
7.36	4.895162e-10	4.965509e-10
7.40	1.459166e-08	1.480015e-08
7.44	3.228851e-07	3.275018e-07
7.48	5.444383e-06	5.522681e-06
7.52	7.164107e-05	7.268158e-05
7.56	7.518576e-04	7.629229e-04
7.60	6.419330e-03	6.515341e-03
7.64	4.540383e-02	4.609576e-02
7.68	2.704753e-01	2.746857e-01
7.72	1.377710e+00	1.399672e+00
7.76	6.083912e+00	6.183479e+00
7.80	2.358808e+01	2.398550e+01
7.84	8.123000e+01	8.264321e+01
7.88	2.511123e+02	2.556382e+02
7.92	7.036932e+02	7.168791e+02
7.96	1.803659e+03	1.838931e+03
8.00	4.263377e+03	4.350731e+03
8.04	9.363757e+03	9.565568e+03
8.08	1.924053e+04	1.967833e+04
8.12	3.721636e+04	3.811311e+04
8.16	6.813707e+04	6.987936e+04
8.20	1.186460e+05	1.218684e+05
8.24	1.973071e+05	2.029962e+05
8.28	3.144752e+05	3.240820e+05
8.32	4.818177e+05	4.973591e+05
8.36	7.114413e+05	7.355584e+05
8.40	1.014654e+06	1.050592e+06
8.44	1.400499e+06	1.451980e+06
8.48	1.874307e+06	1.945263e+06
8.52	2.436531e+06	2.530716e+06
8.56	3.082144e+06	3.202635e+06
8.60	3.800738e+06	3.949378e+06
8.64	4.577330e+06	4.754180e+06
8.68	5.393713e+06	5.596583e+06
8.72	6.230106e+06	6.454214e+06
8.76	7.066773e+06	7.304608e+06
8.80	7.885402e+06	8.126789e+06
8.84	8.670045e+06	8.902454e+06
8.88	9.407614e+06	9.616679e+06
8.92	1.008797e+07	1.025820e+07
8.96	1.070374e+07	1.081936e+07
9.00	1.124995e+07	1.129582e+07
9.04	1.172366e+07	1.168617e+07
9.08	1.212362e+07	1.199150e+07
9.12	1.245000e+07	1.221493e+07
9.16	1.270417e+07	1.236120e+07
9.20	1.288861e+07	1.243627e+07
9.24	1.300673e+07	1.244695e+07
9.28	1.306284e+07	1.240060e+07
9.32	1.306196e+07	1.230481e+07
9.36	1.300969e+07	1.216719e+07
9.40	1.291207e+07	1.199513e+07
9.44	1.277537e+07	1.179567e+07
9.48	1.260591e+07	1.157537e+07
9.52	1.240991e+07	1.134019e+07
9.56	1.219329e+07	1.109546e+07
9.60	1.196159e+07	1.084586e+07
9.64	1.171982e+07	1.059537e+07
9.68	1.147244e+07	1.034734e+07
9.72	1.122331e+07	1.010447e+07
9.76	1.097568e+07	9.868912e+06
9.80	1.073224e+07	9.642281e+06
9.84	1.049510e+07	9.425745e+06
9.88	1.026590e+07	9.220076e+06
9.92	1.004585e+07	9.025721e+06
9.96	9.835762e+06	8.842855e+06
10.00	9.636151e+06	8.671444e+06
10.04	9.447269e+06	8.511286e+06
10.08	9.269165e+06	8.362065e+06
10.12	9.101729e+06	8.223378e+06
10.16	8.944734e+06	8.094770e+06
10.20	8.797869e+06	7.975757e+06
10.24	8.660764e+06	7.865841e+06
10.28	8.533013e+06	7.764527e+06
10.32	8.414187e+06	7.671328e+06
10.36	8.303851e+06	7.585773e+06
10.40	8.201567e+06	7.507412e+06
10.44	8.106904e+06	7.435812e+06
10.48	8.019444e+06	7.370565e+06
10.52	7.938779e+06	7.311283e+06
10.56	7.864519e+06	7.257602e+06
10.60	7.796293e+06	7.209179e+06
10.64	7.733748e+06	7.165690e+06
10.68	7.676548e+06	7.126835e+06
10.72	7.624382e+06	7.092331e+06
10.76	7.576953e+06	7.061916e+06
10.80	7.533988e+06	7.035346e+06
10.84	7.495231e+06	7.012396e+06
10.88	7.460445e+06	6.992855e+06
10.92	7.429410e+06	6.976532e+06
10.96	7.401923e+06	6.963249e+06
11.00	7.377797e+06	6.952843e+06
11.04	7.356862e+06	6.945163e+06
11.08	7.338959e+06	6.940074e+06
11.12	7.323943e+06	6.937450e+06
11.16	7.311682e+06	6.937175e+06
11.20	7.302053e+06	6.939144e+06
11.24	7.294945e+06	6.943262e+06
11.28	7.290256e+06	6.949440e+06
11.32	7.287891e+06	6.957599e+06
11.36	7.287763e+06	6.967663e+06
11.40	7.289794e+06	6.979567e+06
11.44	7.293909e+06	6.993247e+06
11.48	7.300042e+06	7.008648e+06
11.52	7.308128e+06	7.025715e+06
11.56	7.318111e+06	7.044401e+06
11.60	7.329936e+06	7.064661e+06
11.64	7.343552e+06	7.086454e+06
11.68	7.358914e+06	7.109741e+06
11.72	7.375976e+06	7.134486e+06
11.76	7.394699e+06	7.160656e+06
11.80	7.415043e+06	7.188220e+06
11.84	7.436973e+06	7.217148e+06
11.88	7.460454e+06	7.247414e+06
11.92	7.485453e+06	7.278991e+06
11.96	7.511941e+06	7.311856e+06
12.00	7.539889e+06	7.345985e+06
12.04	7.569268e+06	7.381358e+06
12.08	7.600054e+06	7.417954e+06
12.12	7.632221e+06	7.455754e+06
12.16	7.665745e+06	7.494740e+06
12.20	7.700605e+06	7.534894e+06
12.24	7.736779e+06	7.576200e+06
12.28	7.774247e+06	7.618644e+06
12.32	7.812988e+06	7.662210e+06
12.36	7.852986e+06	7.706884e+06
12.40	7.894222e+06	7.752654e+06
12.44	7.936679e+06	7.799506e+06
12.48	7.980341e+06	7.847429e+06
12.52	8.025193e+06	7.896411e+06
12.56	8.071220e+06	7.946443e+06
12.60	8.118409e+06	7.997513e+06
12.64	8.166746e+06	8.049612e+06
12.68	8.216217e+06	8.102731e+06
12.72	8.266812e+06	8.156860e+06
12.76	8.318516e+06	8.211991e+06
12.80	8.371311e+06	8.268106e+06
12.84	8.425157e+06	8.325164e+06
12.88	8.479952e+06	8.383057e+06
12.92	8.535437e+06	8.441502e+06
12.96	8.591013e+06	8.499856e+06
13.00	8.645443e+06	8.556798e+06
13.04	8.696448e+06	8.609926e+06
13.08	8.740267e+06	8.655316e+06
13.12	8.771320e+06	8.687214e+06
13.16	8.782141e+06	8.698005e+06
13.20	8.763732e+06	8.678614e+06
13.24	8.706369e+06	8.619354e+06
13.28	8.600760e+06	8.511103e+06
13.32	8.439342e+06	8.346598e+06
13.36	8.217445e+06	8.121552e+06
13.40	7.934056e+06	7.835370e+06
13.44	7.592066e+06	7.491334e+06
13.48	7.197972e+06	7.096247e+06
13.52	6.761138e+06	6.659669e+06
13.56	6.292803e+06	6.192912e+06
13.60	5.805010e+06	5.707975e+06
13.64	5.309631e+06	5.216597e+06
13.68	4.817580e+06	4.729493e+06
13.72	4.338277e+06	4.255853e+06
13.76	3.879353e+06	3.803068e+06
13.80	3.446558e+06	3.376665e+06
13.84	3.043843e+06	2.980395e+06
13.88	2.673536e+06	2.616422e+06
13.92	2.336589e+06	2.285566e+06
13.96	2.032840e+06	1.987572e+06
14.00	1.761273e+06	1.721361e+06
14.04	1.520258e+06	1.485265e+06
14.08	1.307753e+06	1.277226e+06
14.12	1.121474e+06	1.094965e+06
14.16	9.590324e+05	9.361072e+05
14.20	8.180347e+05	7.982818e+05
14.24	6.961582e+05	6.791952e+05
14.28	5.912015e+05	5.766781e+05
14.32	5.011172e+05	4.887162e+05
14.36	4.240294e+05	4.134666e+05
14.40	3.582409e+05	3.492635e+05
14.44	3.022313e+05	2.946168e+05
14.48	2.546514e+05	2.482043e+05
14.52	2.143118e+05	2.088622e+05
14.56	1.801717e+05	1.755720e+05
14.60	1.513245e+05	1.474473e+05
14.64	1.269851e+05	1.237209e+05
14.68	1.064759e+05	1.037308e+05
14.72	8.921471e+04	8.690853e+04
14.76	7.470279e+04	7.276705e+04
14.80	6.251412e+04	6.089065e+04
14.84	5.228580e+04	5.092524e+04
14.88	4.370942e+04	4.256997e+04
14.92	3.652340e+04	3.556971e+04
14.96	3.050632e+04	2.970855e+04
15.00	2.547105e+04	2.480405e+04
15.04	2.125968e+04	2.070228e+04
15.08	1.773915e+04	1.727352e+04
15.12	1.479744e+04	1.440863e+04
15.16	1.234041e+04	1.201586e+04
15.20	1.028895e+04	1.001812e+04
15.24	8.576708e+03	8.350776e+03
15.28	7.148025e+03	6.959596e+03
15.32	5.956279e+03	5.799165e+03
15.36	4.962428e+03	4.831454e+03
15.40	4.133805e+03	4.024642e+03
15.44	3.443085e+03	3.352118e+03
15.48	2.867429e+03	2.791638e+03
15.52	2.387754e+03	2.324616e+03
15.56	1.988120e+03	1.935530e+03
15.60	1.655220e+03	1.611421e+03
15.64	1.377947e+03	1.341474e+03
15.68	1.147033e+03	1.116664e+03
15.72	9.547485e+02	9.294639e+02
15.76	7.946475e+02	7.735981e+02
15.80	6.613554e+02	6.438331e+02
15.84	5.503923e+02	5.358071e+02
15.88	4.580247e+02	4.458851e+02
15.92	3.811416e+02	3.710381e+02
15.96	3.171512e+02	3.087428e+02
16.00	2.638946e+02	2.568973e+02
