# Photo-pion interaction rate with the MBB, $T=1000$ K, $\sigma=2$
# log10(gamma)	1/lambda_proton [1/Mpc]	1/lambda_neutron [1/Mpc]
6.00	0.000000e+00	0.000000e+00
6.04	0.000000e+00	0.000000e+00
6.08	0.000000e+00	0.000000e+00
6.12	1.578096e-277	1.072949e-275
6.16	4.408636e-252	1.669883e-250
6.20	6.873399e-229	1.531861e-227
6.24	9.462272e-208	1.306654e-206
6.28	1.748496e-188	1.572099e-187
6.32	6.355945e-171	3.904354e-170
6.36	6.441392e-155	2.833539e-154
6.40	2.501071e-140	8.248281e-140
6.44	4.970387e-127	1.284246e-126
6.48	6.580497e-115	1.388294e-114
6.52	7.377167e-104	1.319409e-103
6.56	8.710130e-94	1.364860e-93
6.60	1.320857e-84	1.864830e-84
6.64	3.082018e-76	4.012000e-76
6.68	1.304413e-68	1.595019e-68
6.72	1.163362e-61	1.356119e-61
6.76	2.506762e-55	2.818005e-55
6.80	1.478338e-49	1.617082e-49
6.84	2.673707e-44	2.865397e-44
6.88	1.645216e-39	1.736525e-39
6.92	3.786539e-35	3.951929e-35
6.96	3.553928e-31	3.678567e-31
7.00	1.471867e-27	1.514291e-27
7.04	2.890447e-24	2.960713e-24
7.08	2.874096e-21	2.934644e-21
7.12	1.536311e-18	1.565126e-18
7.16	4.662516e-16	4.742366e-16
7.20	8.444326e-14	8.579406e-14
7.24	9.551162e-12	9.696666e-12
7.28	7.032447e-10	7.136117e-10
7.32	3.500659e-08	3.551241e-08
7.36	1.219498e-06	1.236945e-06
7.40	3.068202e-05	3.112008e-05
7.44	5.737794e-04	5.820053e-04
7.48	8.187692e-03	8.306136e-03
7.52	9.131412e-02	9.265241e-02
7.56	8.135329e-01	8.256537e-01
7.60	5.906795e+00	5.996535e+00
7.64	3.559595e+01	3.614903e+01
7.68	1.810410e+02	1.839263e+02
7.72	7.890860e+02	8.020259e+02
7.76	2.989062e+03	3.039665e+03
7.80	9.967910e+03	1.014277e+04
7.84	2.961299e+04	3.015349e+04
7.88	7.923522e+04	8.074676e+04
7.92	1.928834e+05	1.967481e+05
7.96	4.311737e+05	4.402939e+05
8.00	8.926792e+05	9.127129e+05
8.04	1.724994e+06	1.766253e+06
8.08	3.132780e+06	3.212920e+06
8.12	5.379472e+06	5.526930e+06
8.16	8.778816e+06	9.036662e+06
8.20	1.367254e+07	1.410191e+07
8.24	2.039194e+07	2.107373e+07
8.28	2.920489e+07	3.023812e+07
8.32	4.025566e+07	4.175101e+07
8.36	5.351048e+07	5.557839e+07
8.40	6.872477e+07	7.145862e+07
8.44	8.544521e+07	8.890153e+07
8.48	1.030513e+08	1.072302e+08
8.52	1.208302e+08	1.256590e+08
8.56	1.380683e+08	1.433921e+08
8.60	1.541380e+08	1.597180e+08
8.64	1.685615e+08	1.740830e+08
8.68	1.810404e+08	1.861284e+08
8.72	1.914500e+08	1.956918e+08
8.76	1.998074e+08	2.027797e+08
8.80	2.062257e+08	2.075245e+08
8.84	2.108686e+08	2.101389e+08
8.88	2.139133e+08	2.108767e+08
8.92	2.155279e+08	2.100047e+08
8.96	2.158625e+08	2.077857e+08
9.00	2.150503e+08	2.044690e+08
9.04	2.132138e+08	2.002867e+08
9.08	2.104732e+08	1.954515e+08
9.12	2.069521e+08	1.901554e+08
9.16	2.027800e+08	1.845689e+08
9.20	1.980921e+08	1.788405e+08
9.24	1.930257e+08	1.730963e+08
9.28	1.877151e+08	1.674408e+08
9.32	1.822872e+08	1.619578e+08
9.36	1.768560e+08	1.567118e+08
9.40	1.715192e+08	1.517494e+08
9.44	1.663565e+08	1.471016e+08
9.48	1.614285e+08	1.427856e+08
9.52	1.567772e+08	1.388068e+08
9.56	1.524284e+08	1.351608e+08
9.60	1.483933e+08	1.318359e+08
9.64	1.446716e+08	1.288150e+08
9.68	1.412544e+08	1.260773e+08
9.72	1.381265e+08	1.236000e+08
9.76	1.352689e+08	1.213598e+08
9.80	1.326605e+08	1.193338e+08
9.84	1.302797e+08	1.175003e+08
9.88	1.281054e+08	1.158392e+08
9.92	1.261178e+08	1.143324e+08
9.96	1.242989e+08	1.129643e+08
10.00	1.226324e+08	1.117209e+08
10.04	1.211042e+08	1.105905e+08
10.08	1.197021e+08	1.095634e+08
10.12	1.184155e+08	1.086309e+08
10.16	1.172352e+08	1.077860e+08
10.20	1.161534e+08	1.070226e+08
10.24	1.151628e+08	1.063351e+08
10.28	1.142574e+08	1.057187e+08
10.32	1.134313e+08	1.051690e+08
10.36	1.126794e+08	1.046818e+08
10.40	1.119969e+08	1.042533e+08
10.44	1.113794e+08	1.038799e+08
10.48	1.108227e+08	1.035583e+08
10.52	1.103232e+08	1.032853e+08
10.56	1.098774e+08	1.030580e+08
10.60	1.094822e+08	1.028738e+08
10.64	1.091347e+08	1.027302e+08
10.68	1.088324e+08	1.026251e+08
10.72	1.085728e+08	1.025564e+08
10.76	1.083540e+08	1.025223e+08
10.80	1.081741e+08	1.025212e+08
10.84	1.080312e+08	1.025517e+08
10.88	1.079239e+08	1.026124e+08
10.92	1.078508e+08	1.027021e+08
10.96	1.078107e+08	1.028197e+08
11.00	1.078024e+08	1.029644e+08
11.04	1.078248e+08	1.031351e+08
11.08	1.078770e+08	1.033312e+08
11.12	1.079582e+08	1.035519e+08
11.16	1.080676e+08	1.037965e+08
11.20	1.082043e+08	1.040644e+08
11.24	1.083678e+08	1.043551e+08
11.28	1.085573e+08	1.046680e+08
11.32	1.087723e+08	1.050026e+08
11.36	1.090121e+08	1.053584e+08
11.40	1.092763e+08	1.057352e+08
11.44	1.095644e+08	1.061323e+08
11.48	1.098758e+08	1.065495e+08
11.52	1.102101e+08	1.069864e+08
11.56	1.105668e+08	1.074426e+08
11.60	1.109456e+08	1.079178e+08
11.64	1.113460e+08	1.084117e+08
11.68	1.117677e+08	1.089241e+08
11.72	1.122103e+08	1.094546e+08
11.76	1.126734e+08	1.100029e+08
11.80	1.131567e+08	1.105689e+08
11.84	1.136600e+08	1.111522e+08
11.88	1.141827e+08	1.117526e+08
11.92	1.147248e+08	1.123699e+08
11.96	1.152858e+08	1.130040e+08
12.00	1.158656e+08	1.136545e+08
12.04	1.164638e+08	1.143213e+08
12.08	1.170803e+08	1.150043e+08
12.12	1.177147e+08	1.157032e+08
12.16	1.183668e+08	1.164179e+08
12.20	1.190365e+08	1.171481e+08
12.24	1.197235e+08	1.178939e+08
12.28	1.204276e+08	1.186549e+08
12.32	1.211487e+08	1.194312e+08
12.36	1.218865e+08	1.202225e+08
12.40	1.226408e+08	1.210287e+08
12.44	1.234116e+08	1.218497e+08
12.48	1.241986e+08	1.226855e+08
12.52	1.250017e+08	1.235358e+08
12.56	1.258207e+08	1.244006e+08
12.60	1.266556e+08	1.252799e+08
12.64	1.275062e+08	1.261735e+08
12.68	1.283723e+08	1.270813e+08
12.72	1.292535e+08	1.280029e+08
12.76	1.301488e+08	1.289370e+08
12.80	1.310542e+08	1.298795e+08
12.84	1.319587e+08	1.308179e+08
12.88	1.328342e+08	1.317218e+08
12.92	1.336206e+08	1.325268e+08
12.96	1.342055e+08	1.331145e+08
13.00	1.344079e+08	1.332966e+08
13.04	1.339735e+08	1.328132e+08
13.08	1.325938e+08	1.313537e+08
13.12	1.299512e+08	1.286047e+08
13.16	1.257822e+08	1.243137e+08
13.20	1.199417e+08	1.183525e+08
13.24	1.124488e+08	1.107589e+08
13.28	1.034992e+08	1.017454e+08
13.32	9.344059e+07	9.167126e+07
13.36	8.271973e+07	8.098745e+07
13.40	7.181621e+07	7.017044e+07
13.44	6.117950e+07	5.966082e+07
13.48	5.118157e+07	4.981826e+07
13.52	4.209053e+07	4.089772e+07
13.56	3.406509e+07	3.304582e+07
13.60	2.716473e+07	2.631231e+07
13.64	2.136942e+07	2.067032e+07
13.68	1.660282e+07	1.603946e+07
13.72	1.275444e+07	1.230758e+07
13.76	9.698210e+06	9.348747e+06
13.80	7.306354e+06	7.036497e+06
13.84	5.458622e+06	5.252581e+06
13.88	4.047611e+06	3.891874e+06
13.92	2.981091e+06	2.864432e+06
13.96	2.182268e+06	2.095582e+06
14.00	1.588782e+06	1.524828e+06
14.04	1.151022e+06	1.104140e+06
14.08	8.301961e+05	7.960260e+05
14.12	5.964153e+05	5.716373e+05
14.16	4.269338e+05	4.090486e+05
14.20	3.046286e+05	2.917717e+05
14.24	2.167294e+05	2.075212e+05
14.28	1.537893e+05	1.472162e+05
14.32	1.088697e+05	1.041915e+05
14.36	7.690596e+04	7.358532e+04
14.40	5.422193e+04	5.187059e+04
14.44	3.816210e+04	3.650073e+04
14.48	2.681663e+04	2.564508e+04
14.52	1.881724e+04	1.799255e+04
14.56	1.318700e+04	1.260741e+04
14.60	9.230541e+03	8.823790e+03
14.64	6.454267e+03	6.169189e+03
14.68	4.508669e+03	4.309104e+03
14.72	3.146807e+03	3.007254e+03
14.76	2.194560e+03	2.097067e+03
14.80	1.529367e+03	1.461319e+03
14.84	1.065104e+03	1.017645e+03
14.88	7.413341e+02	7.082587e+02
14.92	5.157049e+02	4.926691e+02
14.96	3.585710e+02	3.425370e+02
15.00	2.492040e+02	2.380496e+02
15.04	1.731244e+02	1.653685e+02
15.08	1.202267e+02	1.148363e+02
15.12	8.346369e+01	7.971883e+01
15.16	5.792435e+01	5.532367e+01
15.20	4.018867e+01	3.838319e+01
15.24	2.787635e+01	2.662331e+01
15.28	1.933159e+01	1.846221e+01
15.32	1.340319e+01	1.280014e+01
15.36	9.291059e+00	8.872855e+00
15.40	6.439416e+00	6.149459e+00
15.44	4.462298e+00	4.261299e+00
15.48	3.091774e+00	2.952465e+00
15.52	2.141902e+00	2.045365e+00
15.56	1.483676e+00	1.416788e+00
15.60	1.027616e+00	9.812777e-01
15.64	7.116713e-01	6.795727e-01
15.68	4.928200e-01	4.705879e-01
15.72	3.412409e-01	3.258441e-01
15.76	2.362659e-01	2.256038e-01
15.80	1.635727e-01	1.561900e-01
15.84	1.132383e-01	1.081267e-01
15.88	7.838829e-02	7.484939e-02
15.92	5.426079e-02	5.181087e-02
15.96	3.755782e-02	3.586188e-02
16.00	2.599536e-02	2.482141e-02
