# Photo-pion interaction rate with the BPL, $\epsilon_0 = 3.0$ eV, $\alpha=5/2$, $\beta=-2.0$
# log10(gamma)	1/lambda_proton [1/Mpc]	1/lambda_neutron [1/Mpc]
6.00	2.813665e+09	2.797051e+09
6.04	3.085122e+09	3.066905e+09
6.08	3.382769e+09	3.362795e+09
6.12	3.709132e+09	3.687231e+09
6.16	4.066983e+09	4.042969e+09
6.20	4.459358e+09	4.433027e+09
6.24	4.889589e+09	4.860718e+09
6.28	5.361327e+09	5.329671e+09
6.32	5.878579e+09	5.843868e+09
6.36	6.445733e+09	6.407674e+09
6.40	7.067606e+09	7.025874e+09
6.44	7.749476e+09	7.703718e+09
6.48	8.497131e+09	8.446959e+09
6.52	9.316919e+09	9.261906e+09
6.56	1.021580e+10	1.015548e+10
6.60	1.120140e+10	1.113526e+10
6.64	1.228209e+10	1.220957e+10
6.68	1.346705e+10	1.338753e+10
6.72	1.476632e+10	1.467913e+10
6.76	1.619095e+10	1.609535e+10
6.80	1.775302e+10	1.764820e+10
6.84	1.946580e+10	1.935087e+10
6.88	2.134383e+10	2.121780e+10
6.92	2.340304e+10	2.326486e+10
6.96	2.566093e+10	2.550941e+10
7.00	2.813665e+10	2.797051e+10
7.04	3.085122e+10	3.066905e+10
7.08	3.382769e+10	3.362795e+10
7.12	3.709132e+10	3.687231e+10
7.16	4.066983e+10	4.042969e+10
7.20	4.459358e+10	4.433027e+10
7.24	4.889589e+10	4.860718e+10
7.28	5.361327e+10	5.329671e+10
7.32	5.878579e+10	5.843868e+10
7.36	6.445733e+10	6.407674e+10
7.40	7.067606e+10	7.025874e+10
7.44	7.749075e+10	7.703309e+10
7.48	8.489442e+10	8.439147e+10
7.52	9.277722e+10	9.222064e+10
7.56	1.009661e+11	1.003417e+11
7.60	1.092545e+11	1.085391e+11
7.64	1.173978e+11	1.165547e+11
7.68	1.250724e+11	1.240437e+11
7.72	1.318257e+11	1.305202e+11
7.76	1.370923e+11	1.353708e+11
7.80	1.404387e+11	1.381172e+11
7.84	1.418989e+11	1.387832e+11
7.88	1.418891e+11	1.378111e+11
7.92	1.409169e+11	1.357497e+11
7.96	1.394259e+11	1.330844e+11
8.00	1.377083e+11	1.301545e+11
8.04	1.358812e+11	1.271334e+11
8.08	1.339436e+11	1.240733e+11
8.12	1.317960e+11	1.209204e+11
8.16	1.293167e+11	1.175890e+11
8.20	1.265399e+11	1.141319e+11
8.24	1.235575e+11	1.106692e+11
8.28	1.204083e+11	1.072924e+11
8.32	1.171482e+11	1.040632e+11
8.36	1.138768e+11	1.010246e+11
8.40	1.106826e+11	9.819814e+10
8.44	1.076196e+11	9.558290e+10
8.48	1.047185e+11	9.316937e+10
8.52	1.020027e+11	9.095318e+10
8.56	9.948975e+10	8.893349e+10
8.60	9.718688e+10	8.710654e+10
8.64	9.509141e+10	8.546330e+10
8.68	9.319296e+10	8.399046e+10
8.72	9.147652e+10	8.267224e+10
8.76	8.992506e+10	8.149220e+10
8.80	8.852127e+10	8.043449e+10
8.84	8.724888e+10	7.948467e+10
8.88	8.609319e+10	7.863008e+10
8.92	8.504139e+10	7.785988e+10
8.96	8.408241e+10	7.716497e+10
9.00	8.320690e+10	7.653778e+10
9.04	8.240691e+10	7.597198e+10
9.08	8.167569e+10	7.546226e+10
9.12	8.100742e+10	7.500410e+10
9.16	8.039707e+10	7.459360e+10
9.20	7.984026e+10	7.422733e+10
9.24	7.933310e+10	7.390226e+10
9.28	7.887298e+10	7.361652e+10
9.32	7.845799e+10	7.336879e+10
9.36	7.808582e+10	7.315731e+10
9.40	7.775408e+10	7.298022e+10
9.44	7.746034e+10	7.283545e+10
9.48	7.720224e+10	7.272107e+10
9.52	7.697763e+10	7.263520e+10
9.56	7.678450e+10	7.257610e+10
9.60	7.662098e+10	7.254219e+10
9.64	7.648538e+10	7.253198e+10
9.68	7.637617e+10	7.254415e+10
9.72	7.629198e+10	7.257750e+10
9.76	7.623157e+10	7.263091e+10
9.80	7.619375e+10	7.270338e+10
9.84	7.617749e+10	7.279400e+10
9.88	7.618180e+10	7.290191e+10
9.92	7.620580e+10	7.302630e+10
9.96	7.624861e+10	7.316644e+10
10.00	7.630942e+10	7.332162e+10
10.04	7.638747e+10	7.349116e+10
10.08	7.648202e+10	7.367441e+10
10.12	7.659234e+10	7.387072e+10
10.16	7.671772e+10	7.407947e+10
10.20	7.685745e+10	7.430001e+10
10.24	7.701080e+10	7.453172e+10
10.28	7.717707e+10	7.477396e+10
10.32	7.735558e+10	7.502609e+10
10.36	7.754552e+10	7.528737e+10
10.40	7.774617e+10	7.555718e+10
10.44	7.795672e+10	7.583473e+10
10.48	7.817631e+10	7.611927e+10
10.52	7.840413e+10	7.640999e+10
10.56	7.863926e+10	7.670602e+10
10.60	7.888072e+10	7.700649e+10
10.64	7.912749e+10	7.731040e+10
10.68	7.937848e+10	7.761673e+10
10.72	7.963254e+10	7.792436e+10
10.76	7.988844e+10	7.823209e+10
10.80	8.014484e+10	7.853865e+10
10.84	8.040032e+10	7.884263e+10
10.88	8.065332e+10	7.914255e+10
10.92	8.090219e+10	7.943675e+10
10.96	8.114510e+10	7.972347e+10
11.00	8.138011e+10	8.000080e+10
11.04	8.160510e+10	8.026663e+10
11.08	8.181777e+10	8.051870e+10
11.12	8.201561e+10	8.075453e+10
11.16	8.219590e+10	8.097141e+10
11.20	8.235566e+10	8.116638e+10
11.24	8.249164e+10	8.133623e+10
11.28	8.260030e+10	8.147745e+10
11.32	8.267784e+10	8.158619e+10
11.36	8.271998e+10	8.165820e+10
11.40	8.272215e+10	8.168895e+10
11.44	8.267930e+10	8.167334e+10
11.48	8.258589e+10	8.160588e+10
11.52	8.243593e+10	8.148054e+10
11.56	8.222285e+10	8.129071e+10
11.60	8.193938e+10	8.102916e+10
11.64	8.157763e+10	8.068797e+10
11.68	8.112893e+10	8.025845e+10
11.72	8.058382e+10	7.973109e+10
11.76	7.993192e+10	7.909547e+10
11.80	7.916183e+10	7.834017e+10
11.84	7.826111e+10	7.745267e+10
11.88	7.721607e+10	7.641926e+10
11.92	7.601177e+10	7.522490e+10
11.96	7.463178e+10	7.385309e+10
12.00	7.305812e+10	7.228577e+10
12.04	7.127108e+10	7.050313e+10
12.08	6.924905e+10	6.848347e+10
12.12	6.696836e+10	6.620296e+10
12.16	6.440302e+10	6.363551e+10
12.20	6.152458e+10	6.075250e+10
12.24	5.830182e+10	5.752254e+10
12.28	5.470052e+10	5.391127e+10
12.32	5.068322e+10	4.988096e+10
12.36	4.620873e+10	4.539020e+10
12.40	4.123201e+10	4.039374e+10
12.44	3.570360e+10	3.484178e+10
12.48	2.956925e+10	2.867985e+10
12.52	2.276959e+10	2.185089e+10
12.56	1.649770e+10	1.582957e+10
12.60	1.195153e+10	1.146751e+10
12.64	8.658115e+09	8.307478e+09
12.68	6.272250e+09	6.018236e+09
12.72	4.543843e+09	4.359826e+09
12.76	3.291723e+09	3.158415e+09
12.80	2.384643e+09	2.288069e+09
12.84	1.727521e+09	1.657560e+09
12.88	1.251478e+09	1.200796e+09
12.92	9.066159e+08	8.698997e+08
12.96	6.567852e+08	6.301866e+08
13.00	4.757988e+08	4.565298e+08
13.04	3.446858e+08	3.307266e+08
13.08	2.497028e+08	2.395903e+08
13.12	1.808937e+08	1.735678e+08
13.16	1.310459e+08	1.257388e+08
13.20	9.493434e+07	9.108968e+07
13.24	6.877385e+07	6.598864e+07
13.28	4.982225e+07	4.780454e+07
13.32	3.609303e+07	3.463133e+07
13.36	2.614709e+07	2.508818e+07
13.40	1.894189e+07	1.817478e+07
13.44	1.372219e+07	1.316646e+07
13.48	9.940846e+06	9.538260e+06
13.52	7.201506e+06	6.909859e+06
13.56	5.217030e+06	5.005750e+06
13.60	3.779404e+06	3.626345e+06
13.64	2.737936e+06	2.627055e+06
13.68	1.983460e+06	1.903133e+06
13.72	1.436889e+06	1.378698e+06
13.76	1.040934e+06	9.987785e+05
13.80	7.540903e+05	7.235511e+05
13.84	5.462901e+05	5.241664e+05
13.88	3.957522e+05	3.797250e+05
13.92	2.866971e+05	2.750864e+05
13.96	2.076937e+05	1.992825e+05
14.00	1.504608e+05	1.443674e+05
14.04	1.089992e+05	1.045849e+05
14.08	7.896295e+04	7.576510e+04
14.12	5.720360e+04	5.488696e+04
14.16	4.144034e+04	3.976209e+04
14.20	3.002087e+04	2.880509e+04
14.24	2.174820e+04	2.086744e+04
14.28	1.575518e+04	1.511712e+04
14.32	1.141362e+04	1.095139e+04
14.36	8.268436e+03	7.933580e+03
14.40	5.989952e+03	5.747370e+03
14.44	4.339337e+03	4.163602e+03
14.48	3.143572e+03	3.016263e+03
14.52	2.277316e+03	2.185089e+03
14.56	1.649770e+03	1.582957e+03
14.60	1.195153e+03	1.146751e+03
14.64	8.658115e+02	8.307478e+02
14.68	6.272250e+02	6.018236e+02
14.72	4.543843e+02	4.359826e+02
14.76	3.291723e+02	3.158415e+02
14.80	2.384643e+02	2.288069e+02
14.84	1.727521e+02	1.657560e+02
14.88	1.251478e+02	1.200796e+02
14.92	9.066159e+01	8.698997e+01
14.96	6.567852e+01	6.301866e+01
15.00	4.757988e+01	4.565298e+01
15.04	3.446858e+01	3.307266e+01
15.08	2.497028e+01	2.395903e+01
15.12	1.808937e+01	1.735678e+01
15.16	1.310459e+01	1.257388e+01
15.20	9.493434e+00	9.108968e+00
15.24	6.877385e+00	6.598864e+00
15.28	4.982225e+00	4.780454e+00
15.32	3.609303e+00	3.463133e+00
15.36	2.614709e+00	2.508818e+00
15.40	1.894189e+00	1.817478e+00
15.44	1.372219e+00	1.316646e+00
15.48	9.940846e-01	9.538260e-01
15.52	7.201506e-01	6.909859e-01
15.56	5.217030e-01	5.005750e-01
15.60	3.779404e-01	3.626345e-01
15.64	2.737936e-01	2.627055e-01
15.68	1.983460e-01	1.903133e-01
15.72	1.436889e-01	1.378698e-01
15.76	1.040934e-01	9.987785e-02
15.80	7.540903e-02	7.235511e-02
15.84	5.462901e-02	5.241664e-02
15.88	3.957522e-02	3.797250e-02
15.92	2.866971e-02	2.750864e-02
15.96	2.076937e-02	1.992825e-02
16.00	1.504608e-02	1.443674e-02
