# Photo-pion interaction rate with the BPL, $\epsilon_0 = 2.0$ eV, $\alpha=3/2$, $\beta=-2.0$
# log10(gamma)	1/lambda_proton [1/Mpc]	1/lambda_neutron [1/Mpc]
6.00	5.104154e+08	5.074015e+08
6.04	5.596593e+08	5.563547e+08
6.08	6.136542e+08	6.100308e+08
6.12	6.728585e+08	6.688855e+08
6.16	7.377747e+08	7.334184e+08
6.20	8.089538e+08	8.041773e+08
6.24	8.870002e+08	8.817628e+08
6.28	9.725764e+08	9.668337e+08
6.32	1.066409e+09	1.060112e+09
6.36	1.169294e+09	1.162390e+09
6.40	1.282105e+09	1.274535e+09
6.44	1.405801e+09	1.397500e+09
6.48	1.541430e+09	1.532328e+09
6.52	1.690144e+09	1.680164e+09
6.56	1.853206e+09	1.842264e+09
6.60	2.032000e+09	2.020002e+09
6.64	2.228044e+09	2.214888e+09
6.68	2.443001e+09	2.428576e+09
6.72	2.678698e+09	2.662881e+09
6.76	2.937134e+09	2.919791e+09
6.80	3.220503e+09	3.201487e+09
6.84	3.531211e+09	3.510361e+09
6.88	3.871896e+09	3.849034e+09
6.92	4.245450e+09	4.220382e+09
6.96	4.655043e+09	4.627557e+09
7.00	5.104154e+09	5.074015e+09
7.04	5.596593e+09	5.563547e+09
7.08	6.136542e+09	6.100308e+09
7.12	6.728585e+09	6.688855e+09
7.16	7.377747e+09	7.334184e+09
7.20	8.089538e+09	8.041773e+09
7.24	8.870002e+09	8.817628e+09
7.28	9.725764e+09	9.668337e+09
7.32	1.066409e+10	1.060112e+10
7.36	1.169294e+10	1.162390e+10
7.40	1.282105e+10	1.274535e+10
7.44	1.405801e+10	1.397500e+10
7.48	1.541430e+10	1.532328e+10
7.52	1.690144e+10	1.680164e+10
7.56	1.853206e+10	1.842264e+10
7.60	2.031992e+10	2.019993e+10
7.64	2.227384e+10	2.214218e+10
7.68	2.438102e+10	2.423600e+10
7.72	2.660880e+10	2.644761e+10
7.76	2.891266e+10	2.873070e+10
7.80	3.123843e+10	3.102836e+10
7.84	3.351630e+10	3.326655e+10
7.88	3.564895e+10	3.534127e+10
7.92	3.750512e+10	3.711105e+10
7.96	3.894682e+10	3.842540e+10
8.00	3.991184e+10	3.921435e+10
8.04	4.044374e+10	3.952253e+10
8.08	4.064033e+10	3.945475e+10
8.12	4.060571e+10	3.912402e+10
8.16	4.042586e+10	3.862626e+10
8.20	4.015180e+10	3.802517e+10
8.24	3.980323e+10	3.735446e+10
8.28	3.937670e+10	3.662339e+10
8.32	3.884836e+10	3.581975e+10
8.36	3.821330e+10	3.494663e+10
8.40	3.749355e+10	3.403276e+10
8.44	3.670535e+10	3.310692e+10
8.48	3.586005e+10	3.219062e+10
8.52	3.498021e+10	3.130068e+10
8.56	3.409140e+10	3.044921e+10
8.60	3.321328e+10	2.964253e+10
8.64	3.235892e+10	2.888262e+10
8.68	3.153823e+10	2.817079e+10
8.72	3.075955e+10	2.750894e+10
8.76	3.002881e+10	2.689834e+10
8.80	2.934912e+10	2.633880e+10
8.84	2.872107e+10	2.582868e+10
8.88	2.814339e+10	2.536524e+10
8.92	2.761354e+10	2.494509e+10
8.96	2.712834e+10	2.456457e+10
9.00	2.668433e+10	2.422004e+10
9.04	2.627802e+10	2.390805e+10
9.08	2.590612e+10	2.362545e+10
9.12	2.556559e+10	2.336943e+10
9.16	2.525369e+10	2.313753e+10
9.20	2.496794e+10	2.292759e+10
9.24	2.470617e+10	2.273771e+10
9.28	2.446644e+10	2.256625e+10
9.32	2.424700e+10	2.241176e+10
9.36	2.404631e+10	2.227294e+10
9.40	2.386298e+10	2.214865e+10
9.44	2.369582e+10	2.203793e+10
9.48	2.354401e+10	2.194012e+10
9.52	2.340670e+10	2.185459e+10
9.56	2.328306e+10	2.178064e+10
9.60	2.317227e+10	2.171760e+10
9.64	2.307353e+10	2.166481e+10
9.68	2.298608e+10	2.162163e+10
9.72	2.290926e+10	2.158747e+10
9.76	2.284240e+10	2.156179e+10
9.80	2.278493e+10	2.154408e+10
9.84	2.273630e+10	2.153388e+10
9.88	2.269602e+10	2.153075e+10
9.92	2.266365e+10	2.153432e+10
9.96	2.263877e+10	2.154421e+10
10.00	2.262101e+10	2.156012e+10
10.04	2.261001e+10	2.158172e+10
10.08	2.260547e+10	2.160875e+10
10.12	2.260707e+10	2.164094e+10
10.16	2.261454e+10	2.167806e+10
10.20	2.262762e+10	2.171986e+10
10.24	2.264606e+10	2.176613e+10
10.28	2.266961e+10	2.181667e+10
10.32	2.269804e+10	2.187125e+10
10.36	2.273114e+10	2.192969e+10
10.40	2.276867e+10	2.199179e+10
10.44	2.281041e+10	2.205735e+10
10.48	2.285615e+10	2.212617e+10
10.52	2.290566e+10	2.219806e+10
10.56	2.295871e+10	2.227280e+10
10.60	2.301509e+10	2.235019e+10
10.64	2.307454e+10	2.243000e+10
10.68	2.313681e+10	2.251200e+10
10.72	2.320167e+10	2.259597e+10
10.76	2.326882e+10	2.268164e+10
10.80	2.333800e+10	2.276875e+10
10.84	2.340889e+10	2.285701e+10
10.88	2.348119e+10	2.294613e+10
10.92	2.355456e+10	2.303578e+10
10.96	2.362862e+10	2.312560e+10
11.00	2.370301e+10	2.321523e+10
11.04	2.377729e+10	2.330427e+10
11.08	2.385103e+10	2.339227e+10
11.12	2.392373e+10	2.347876e+10
11.16	2.399488e+10	2.356324e+10
11.20	2.406391e+10	2.364515e+10
11.24	2.413021e+10	2.372388e+10
11.28	2.419311e+10	2.379878e+10
11.32	2.425189e+10	2.386913e+10
11.36	2.430576e+10	2.393415e+10
11.40	2.435387e+10	2.399300e+10
11.44	2.439528e+10	2.404474e+10
11.48	2.442897e+10	2.408835e+10
11.52	2.445383e+10	2.412275e+10
11.56	2.446865e+10	2.414670e+10
11.60	2.447211e+10	2.415888e+10
11.64	2.446274e+10	2.415785e+10
11.68	2.443896e+10	2.414202e+10
11.72	2.439904e+10	2.410965e+10
11.76	2.434108e+10	2.405885e+10
11.80	2.426301e+10	2.398753e+10
11.84	2.416254e+10	2.389341e+10
11.88	2.403719e+10	2.377400e+10
11.92	2.388424e+10	2.362655e+10
11.96	2.370068e+10	2.344808e+10
12.00	2.348327e+10	2.323529e+10
12.04	2.322839e+10	2.298459e+10
12.08	2.293213e+10	2.269203e+10
12.12	2.259019e+10	2.235329e+10
12.16	2.219783e+10	2.196363e+10
12.20	2.174990e+10	2.151785e+10
12.24	2.124072e+10	2.101026e+10
12.28	2.066408e+10	2.043460e+10
12.32	2.001317e+10	1.978404e+10
12.36	1.928052e+10	1.905108e+10
12.40	1.845794e+10	1.822747e+10
12.44	1.753647e+10	1.730421e+10
12.48	1.650627e+10	1.627140e+10
12.52	1.535655e+10	1.511819e+10
12.56	1.407548e+10	1.383270e+10
12.60	1.265011e+10	1.240189e+10
12.64	1.106622e+10	1.081146e+10
12.68	9.308207e+09	9.045744e+09
12.72	7.450042e+09	7.218076e+09
12.76	5.917779e+09	5.733522e+09
12.80	4.700659e+09	4.554298e+09
12.84	3.733866e+09	3.617608e+09
12.88	2.965915e+09	2.873568e+09
12.92	2.355910e+09	2.282556e+09
12.96	1.871366e+09	1.813099e+09
13.00	1.486479e+09	1.440196e+09
13.04	1.180752e+09	1.143988e+09
13.08	9.379047e+08	9.087020e+08
13.12	7.450042e+08	7.218076e+08
13.16	5.917779e+08	5.733522e+08
13.20	4.700659e+08	4.554298e+08
13.24	3.733866e+08	3.617608e+08
13.28	2.965915e+08	2.873568e+08
13.32	2.355910e+08	2.282556e+08
13.36	1.871366e+08	1.813099e+08
13.40	1.486479e+08	1.440196e+08
13.44	1.180752e+08	1.143988e+08
13.48	9.379047e+07	9.087020e+07
13.52	7.450042e+07	7.218076e+07
13.56	5.917779e+07	5.733522e+07
13.60	4.700659e+07	4.554298e+07
13.64	3.733866e+07	3.617608e+07
13.68	2.965915e+07	2.873568e+07
13.72	2.355910e+07	2.282556e+07
13.76	1.871366e+07	1.813099e+07
13.80	1.486479e+07	1.440196e+07
13.84	1.180752e+07	1.143988e+07
13.88	9.379047e+06	9.087020e+06
13.92	7.450042e+06	7.218076e+06
13.96	5.917779e+06	5.733522e+06
14.00	4.700659e+06	4.554298e+06
14.04	3.733866e+06	3.617608e+06
14.08	2.965915e+06	2.873568e+06
14.12	2.355910e+06	2.282556e+06
14.16	1.871366e+06	1.813099e+06
14.20	1.486479e+06	1.440196e+06
14.24	1.180752e+06	1.143988e+06
14.28	9.379047e+05	9.087020e+05
14.32	7.450042e+05	7.218076e+05
14.36	5.917779e+05	5.733522e+05
14.40	4.700659e+05	4.554298e+05
14.44	3.733866e+05	3.617608e+05
14.48	2.965915e+05	2.873568e+05
14.52	2.355910e+05	2.282556e+05
14.56	1.871366e+05	1.813099e+05
14.60	1.486479e+05	1.440196e+05
14.64	1.180752e+05	1.143988e+05
14.68	9.379047e+04	9.087020e+04
14.72	7.450042e+04	7.218076e+04
14.76	5.917779e+04	5.733522e+04
14.80	4.700659e+04	4.554298e+04
14.84	3.733866e+04	3.617608e+04
14.88	2.965915e+04	2.873568e+04
14.92	2.355910e+04	2.282556e+04
14.96	1.871366e+04	1.813099e+04
15.00	1.486479e+04	1.440196e+04
15.04	1.180752e+04	1.143988e+04
15.08	9.379047e+03	9.087020e+03
15.12	7.450042e+03	7.218076e+03
15.16	5.917779e+03	5.733522e+03
15.20	4.700659e+03	4.554298e+03
15.24	3.733866e+03	3.617608e+03
15.28	2.965915e+03	2.873568e+03
15.32	2.355910e+03	2.282556e+03
15.36	1.871366e+03	1.813099e+03
15.40	1.486479e+03	1.440196e+03
15.44	1.180752e+03	1.143988e+03
15.48	9.379047e+02	9.087020e+02
15.52	7.450042e+02	7.218076e+02
15.56	5.917779e+02	5.733522e+02
15.60	4.700659e+02	4.554298e+02
15.64	3.733866e+02	3.617608e+02
15.68	2.965915e+02	2.873568e+02
15.72	2.355910e+02	2.282556e+02
15.76	1.871366e+02	1.813099e+02
15.80	1.486479e+02	1.440196e+02
15.84	1.180752e+02	1.143988e+02
15.88	9.379047e+01	9.087020e+01
15.92	7.450042e+01	7.218076e+01
15.96	5.917779e+01	5.733522e+01
16.00	4.700659e+01	4.554298e+01
