# Photo-pion interaction rate with the BB, $T=275$ K
# log10(gamma)	1/lambda_proton [1/Mpc]	1/lambda_neutron [1/Mpc]
6.00	0.000000e+00	0.000000e+00
6.04	0.000000e+00	0.000000e+00
6.08	0.000000e+00	0.000000e+00
6.12	0.000000e+00	0.000000e+00
6.16	0.000000e+00	0.000000e+00
6.20	0.000000e+00	0.000000e+00
6.24	0.000000e+00	0.000000e+00
6.28	0.000000e+00	0.000000e+00
6.32	0.000000e+00	0.000000e+00
6.36	0.000000e+00	0.000000e+00
6.40	0.000000e+00	0.000000e+00
6.44	0.000000e+00	0.000000e+00
6.48	0.000000e+00	0.000000e+00
6.52	0.000000e+00	0.000000e+00
6.56	0.000000e+00	0.000000e+00
6.60	0.000000e+00	0.000000e+00
6.64	0.000000e+00	0.000000e+00
6.68	1.813295e-285	1.270657e-283
6.72	6.666949e-260	2.600021e-258
6.76	1.356930e-236	3.110435e-235
6.80	2.420517e-215	3.434067e-214
6.84	5.756098e-196	5.310628e-195
6.88	2.675812e-178	1.684290e-177
6.92	3.447829e-162	1.551612e-161
6.96	1.693027e-147	5.701482e-147
7.00	4.234200e-134	1.114892e-133
7.04	7.023191e-122	1.506707e-121
7.08	9.823794e-111	1.782802e-110
7.12	1.441792e-100	2.287703e-100
7.16	2.708555e-91	3.864765e-91
7.20	7.804785e-83	1.025049e-82
7.24	4.067570e-75	5.010643e-75
7.28	4.455270e-68	5.225234e-68
7.32	1.176086e-61	1.328745e-61
7.36	8.477457e-56	9.311033e-56
7.40	1.869958e-50	2.010679e-50
7.44	1.400493e-45	1.482183e-45
7.48	3.915619e-41	4.095447e-41
7.52	4.456218e-37	4.620439e-37
7.56	2.233876e-33	2.301409e-33
7.60	5.300892e-30	5.435628e-30
7.64	6.358590e-27	6.498058e-27
7.68	4.093674e-24	4.173208e-24
7.72	1.493959e-21	1.520316e-21
7.76	3.248503e-19	3.301734e-19
7.80	4.404445e-17	4.472803e-17
7.84	3.881242e-15	3.939236e-15
7.88	2.308593e-13	2.342247e-13
7.92	9.594065e-12	9.731960e-12
7.96	2.874758e-10	2.915835e-10
8.00	6.391564e-09	6.482949e-09
8.04	1.082404e-07	1.097969e-07
8.08	1.429946e-06	1.450710e-06
8.12	1.506118e-05	1.528279e-05
8.16	1.290155e-04	1.309445e-04
8.20	9.152666e-04	9.292101e-04
8.24	5.467280e-03	5.552355e-03
8.28	2.791807e-02	2.836291e-02
8.32	1.235658e-01	1.255871e-01
8.36	4.800743e-01	4.881587e-01
8.40	1.656351e+00	1.685151e+00
8.44	5.129204e+00	5.221593e+00
8.48	1.439607e+01	1.466564e+01
8.52	3.695143e+01	3.767349e+01
8.56	8.745599e+01	8.924645e+01
8.60	1.923061e+02	1.964471e+02
8.64	3.955668e+02	4.045590e+02
8.68	7.658684e+02	7.843043e+02
8.72	1.403408e+03	1.439258e+03
8.76	2.445689e+03	2.512047e+03
8.80	4.070156e+03	4.187397e+03
8.84	6.491591e+03	6.689714e+03
8.88	9.952313e+03	1.027305e+04
8.92	1.470414e+04	1.520221e+04
8.96	2.098276e+04	2.172546e+04
9.00	2.897731e+04	3.004189e+04
9.04	3.880013e+04	4.026837e+04
9.08	5.046250e+04	5.241261e+04
9.12	6.386178e+04	6.635807e+04
9.16	7.878330e+04	8.186464e+04
9.20	9.491681e+04	9.858519e+04
9.24	1.118846e+05	1.160953e+05
9.28	1.292754e+05	1.339299e+05
9.32	1.466786e+05	1.516216e+05
9.36	1.637127e+05	1.687335e+05
9.40	1.800450e+05	1.848838e+05
9.44	1.954023e+05	1.997609e+05
9.48	2.095729e+05	2.131293e+05
9.52	2.224023e+05	2.248284e+05
9.56	2.337865e+05	2.347671e+05
9.60	2.436637e+05	2.429150e+05
9.64	2.520072e+05	2.492940e+05
9.68	2.588202e+05	2.539684e+05
9.72	2.641309e+05	2.570361e+05
9.76	2.679903e+05	2.586209e+05
9.80	2.704693e+05	2.588642e+05
9.84	2.716569e+05	2.579187e+05
9.88	2.716573e+05	2.559424e+05
9.92	2.705871e+05	2.530935e+05
9.96	2.685716e+05	2.495259e+05
10.00	2.657411e+05	2.453862e+05
10.04	2.622272e+05	2.408108e+05
10.08	2.581592e+05	2.359240e+05
10.12	2.536604e+05	2.308369e+05
10.16	2.488460e+05	2.256470e+05
10.20	2.438206e+05	2.204373e+05
10.24	2.386772e+05	2.152776e+05
10.28	2.334961e+05	2.102246e+05
10.32	2.283453e+05	2.053228e+05
10.36	2.232805e+05	2.006063e+05
10.40	2.183463e+05	1.960993e+05
10.44	2.135767e+05	1.918182e+05
10.48	2.089969e+05	1.877723e+05
10.52	2.046242e+05	1.839652e+05
10.56	2.004693e+05	1.803965e+05
10.60	1.965374e+05	1.770618e+05
10.64	1.928296e+05	1.739548e+05
10.68	1.893438e+05	1.710669e+05
10.72	1.860752e+05	1.683889e+05
10.76	1.830175e+05	1.659105e+05
10.80	1.801628e+05	1.636215e+05
10.84	1.775028e+05	1.615116e+05
10.88	1.750285e+05	1.595707e+05
10.92	1.727310e+05	1.577888e+05
10.96	1.706011e+05	1.561567e+05
11.00	1.686299e+05	1.546654e+05
11.04	1.668085e+05	1.533063e+05
11.08	1.651287e+05	1.520714e+05
11.12	1.635821e+05	1.509532e+05
11.16	1.621612e+05	1.499443e+05
11.20	1.608586e+05	1.490382e+05
11.24	1.596672e+05	1.482286e+05
11.28	1.585806e+05	1.475096e+05
11.32	1.575926e+05	1.468757e+05
11.36	1.566976e+05	1.463218e+05
11.40	1.558901e+05	1.458433e+05
11.44	1.551654e+05	1.454358e+05
11.48	1.545187e+05	1.450952e+05
11.52	1.539458e+05	1.448179e+05
11.56	1.534429e+05	1.446005e+05
11.60	1.530065e+05	1.444399e+05
11.64	1.526331e+05	1.443332e+05
11.68	1.523199e+05	1.442778e+05
11.72	1.520639e+05	1.442713e+05
11.76	1.518628e+05	1.443115e+05
11.80	1.517141e+05	1.443964e+05
11.84	1.516158e+05	1.445242e+05
11.88	1.515658e+05	1.446931e+05
11.92	1.515624e+05	1.449018e+05
11.96	1.516039e+05	1.451487e+05
12.00	1.516887e+05	1.454326e+05
12.04	1.518156e+05	1.457523e+05
12.08	1.519831e+05	1.461067e+05
12.12	1.521901e+05	1.464948e+05
12.16	1.524353e+05	1.469156e+05
12.20	1.527179e+05	1.473683e+05
12.24	1.530368e+05	1.478521e+05
12.28	1.533911e+05	1.483662e+05
12.32	1.537799e+05	1.489100e+05
12.36	1.542024e+05	1.494827e+05
12.40	1.546579e+05	1.500839e+05
12.44	1.551457e+05	1.507128e+05
12.48	1.556651e+05	1.513691e+05
12.52	1.562155e+05	1.520521e+05
12.56	1.567962e+05	1.527615e+05
12.60	1.574067e+05	1.534967e+05
12.64	1.580465e+05	1.542574e+05
12.68	1.587149e+05	1.550431e+05
12.72	1.594117e+05	1.558534e+05
12.76	1.601362e+05	1.566881e+05
12.80	1.608881e+05	1.575468e+05
12.84	1.616668e+05	1.584291e+05
12.88	1.624721e+05	1.593347e+05
12.92	1.633035e+05	1.602634e+05
12.96	1.641606e+05	1.612149e+05
13.00	1.650432e+05	1.621889e+05
13.04	1.659508e+05	1.631852e+05
13.08	1.668832e+05	1.642035e+05
13.12	1.678400e+05	1.652436e+05
13.16	1.688210e+05	1.663054e+05
13.20	1.698258e+05	1.673885e+05
13.24	1.708543e+05	1.684929e+05
13.28	1.719061e+05	1.696183e+05
13.32	1.729810e+05	1.707645e+05
13.36	1.740786e+05	1.719311e+05
13.40	1.751981e+05	1.731175e+05
13.44	1.763373e+05	1.743212e+05
13.48	1.774911e+05	1.755366e+05
13.52	1.786470e+05	1.767503e+05
13.56	1.797797e+05	1.779354e+05
13.60	1.808422e+05	1.790422e+05
13.64	1.817568e+05	1.799897e+05
13.68	1.824082e+05	1.806589e+05
13.72	1.826418e+05	1.808922e+05
13.76	1.822707e+05	1.805010e+05
13.80	1.810929e+05	1.792841e+05
13.84	1.789147e+05	1.770512e+05
13.88	1.755781e+05	1.736504e+05
13.92	1.709847e+05	1.689915e+05
13.96	1.651122e+05	1.630607e+05
14.00	1.580193e+05	1.559249e+05
14.04	1.498400e+05	1.477245e+05
14.08	1.407682e+05	1.386576e+05
14.12	1.310371e+05	1.289589e+05
14.16	1.208973e+05	1.188781e+05
14.20	1.105956e+05	1.086592e+05
14.24	1.003596e+05	9.852585e+04
14.28	9.038581e+04	8.866958e+04
14.32	8.083346e+04	7.924478e+04
14.36	7.182284e+04	7.036705e+04
14.40	6.343670e+04	6.211496e+04
14.44	5.572400e+04	5.453404e+04
14.48	4.870495e+04	4.764178e+04
14.52	4.237653e+04	4.143317e+04
14.56	3.671788e+04	3.588604e+04
14.60	3.169526e+04	3.096586e+04
14.64	2.726629e+04	2.662996e+04
14.68	2.338358e+04	2.283096e+04
14.72	1.999744e+04	1.951950e+04
14.76	1.705809e+04	1.664626e+04
14.80	1.451719e+04	1.416351e+04
14.84	1.232891e+04	1.202608e+04
14.88	1.045061e+04	1.019202e+04
14.92	8.843212e+03	8.622945e+03
14.96	7.471364e+03	7.284154e+03
15.00	6.303388e+03	6.144591e+03
15.04	5.311161e+03	5.176708e+03
15.08	4.469898e+03	4.356244e+03
15.12	3.757901e+03	3.661969e+03
15.16	3.156274e+03	3.075410e+03
15.20	2.648647e+03	2.580567e+03
15.24	2.220896e+03	2.163642e+03
15.28	1.860880e+03	1.812779e+03
15.32	1.558201e+03	1.517825e+03
15.36	1.303973e+03	1.270111e+03
15.40	1.090632e+03	1.062253e+03
15.44	9.117438e+02	8.879764e+02
15.48	7.618546e+02	7.419617e+02
15.52	6.363463e+02	6.197057e+02
15.56	5.313163e+02	5.174033e+02
15.60	4.434712e+02	4.318441e+02
15.64	3.700356e+02	3.603229e+02
15.68	3.086735e+02	3.005631e+02
15.72	2.574210e+02	2.506510e+02
15.76	2.146284e+02	2.089790e+02
15.80	1.789115e+02	1.741985e+02
15.84	1.491094e+02	1.451788e+02
15.88	1.242496e+02	1.209722e+02
15.92	1.035179e+02	1.007858e+02
15.96	8.623274e+01	8.395558e+01
16.00	7.182421e+01	6.992662e+01
