# Photo-pion interaction rate with the BPL, $\epsilon_0 = 6.0$ eV, $\alpha=3/2$, $\beta=-2.0$
# log10(gamma)	1/lambda_proton [1/Mpc]	1/lambda_neutron [1/Mpc]
6.00	4.134364e+10	4.109952e+10
6.04	4.533240e+10	4.506473e+10
6.08	4.970599e+10	4.941250e+10
6.12	5.450154e+10	5.417973e+10
6.16	5.975975e+10	5.940689e+10
6.20	6.552526e+10	6.513836e+10
6.24	7.184702e+10	7.142279e+10
6.28	7.877869e+10	7.831353e+10
6.32	8.637911e+10	8.586908e+10
6.36	9.471282e+10	9.415357e+10
6.40	1.038505e+11	1.032373e+11
6.44	1.138698e+11	1.131975e+11
6.48	1.248558e+11	1.241186e+11
6.52	1.369017e+11	1.360933e+11
6.56	1.501097e+11	1.492234e+11
6.60	1.645920e+11	1.636202e+11
6.64	1.804715e+11	1.794059e+11
6.68	1.978831e+11	1.967147e+11
6.72	2.169745e+11	2.156934e+11
6.76	2.379078e+11	2.365031e+11
6.80	2.608608e+11	2.593205e+11
6.84	2.860281e+11	2.843392e+11
6.88	3.136236e+11	3.117718e+11
6.92	3.438814e+11	3.418510e+11
6.96	3.770585e+11	3.748321e+11
7.00	4.134364e+11	4.109952e+11
7.04	4.533240e+11	4.506473e+11
7.08	4.970599e+11	4.941250e+11
7.12	5.450141e+11	5.417960e+11
7.16	5.974508e+11	5.939206e+11
7.20	6.540715e+11	6.501856e+11
7.24	7.140241e+11	7.097098e+11
7.28	7.761258e+11	7.712637e+11
7.32	8.389351e+11	8.333337e+11
7.36	9.006075e+11	8.939651e+11
7.40	9.585793e+11	9.504199e+11
7.44	1.009366e+12	9.989451e+11
7.48	1.049190e+12	1.035423e+12
7.52	1.076161e+12	1.057738e+12
7.56	1.091283e+12	1.066907e+12
7.60	1.097147e+12	1.065702e+12
7.64	1.096574e+12	1.057187e+12
7.68	1.091943e+12	1.044002e+12
7.72	1.084701e+12	1.027934e+12
7.76	1.075429e+12	1.009943e+12
7.80	1.064083e+12	9.903293e+11
7.84	1.050033e+12	9.687807e+11
7.88	1.033077e+12	9.453186e+11
7.92	1.013788e+12	9.206943e+11
7.96	9.926320e+11	8.956976e+11
8.00	9.699031e+11	8.709219e+11
8.04	9.461904e+11	8.468290e+11
8.08	9.221898e+11	8.237566e+11
8.12	8.984466e+11	8.018861e+11
8.16	8.753230e+11	7.812761e+11
8.20	8.530908e+11	7.619614e+11
8.24	8.319786e+11	7.439924e+11
8.28	8.121518e+11	7.274059e+11
8.32	7.936998e+11	7.121998e+11
8.36	7.766429e+11	6.983325e+11
8.40	7.609495e+11	6.857316e+11
8.44	7.465534e+11	6.743065e+11
8.48	7.333695e+11	6.639586e+11
8.52	7.213042e+11	6.545893e+11
8.56	7.102636e+11	6.461051e+11
8.60	7.001583e+11	6.384204e+11
8.64	6.909057e+11	6.314585e+11
8.68	6.824309e+11	6.251523e+11
8.72	6.746670e+11	6.194427e+11
8.76	6.675545e+11	6.142785e+11
8.80	6.610405e+11	6.096146e+11
8.84	6.550777e+11	6.054115e+11
8.88	6.496240e+11	6.016340e+11
8.92	6.446414e+11	5.982508e+11
8.96	6.400976e+11	5.952355e+11
9.00	6.359695e+11	5.925701e+11
9.04	6.322348e+11	5.902374e+11
9.08	6.288708e+11	5.882189e+11
9.12	6.258552e+11	5.864963e+11
9.16	6.231663e+11	5.850515e+11
9.20	6.207840e+11	5.838674e+11
9.24	6.186897e+11	5.829282e+11
9.28	6.168658e+11	5.822189e+11
9.32	6.152963e+11	5.817256e+11
9.36	6.139665e+11	5.814359e+11
9.40	6.128633e+11	5.813381e+11
9.44	6.119743e+11	5.814217e+11
9.48	6.112883e+11	5.816769e+11
9.52	6.107952e+11	5.820948e+11
9.56	6.104855e+11	5.826673e+11
9.60	6.103505e+11	5.833868e+11
9.64	6.103821e+11	5.842463e+11
9.68	6.105727e+11	5.852390e+11
9.72	6.109151e+11	5.863587e+11
9.76	6.114027e+11	5.875996e+11
9.80	6.120289e+11	5.889559e+11
9.84	6.127873e+11	5.904221e+11
9.88	6.136720e+11	5.919927e+11
9.92	6.146769e+11	5.936624e+11
9.96	6.157959e+11	5.954261e+11
10.00	6.170233e+11	5.972781e+11
10.04	6.183530e+11	5.992132e+11
10.08	6.197788e+11	6.012259e+11
10.12	6.212947e+11	6.033104e+11
10.16	6.228941e+11	6.054608e+11
10.20	6.245702e+11	6.076709e+11
10.24	6.263165e+11	6.099344e+11
10.28	6.281255e+11	6.122446e+11
10.32	6.299896e+11	6.145940e+11
10.36	6.319007e+11	6.169752e+11
10.40	6.338504e+11	6.193800e+11
10.44	6.358294e+11	6.217997e+11
10.48	6.378282e+11	6.242250e+11
10.52	6.398363e+11	6.266458e+11
10.56	6.418425e+11	6.290513e+11
10.60	6.438349e+11	6.314298e+11
10.64	6.458004e+11	6.337686e+11
10.68	6.477249e+11	6.360540e+11
10.72	6.495934e+11	6.382711e+11
10.76	6.513893e+11	6.404036e+11
10.80	6.530949e+11	6.424340e+11
10.84	6.546906e+11	6.443431e+11
10.88	6.561555e+11	6.461098e+11
10.92	6.574665e+11	6.477115e+11
10.96	6.585984e+11	6.491233e+11
11.00	6.595240e+11	6.503177e+11
11.04	6.602135e+11	6.512653e+11
11.08	6.606343e+11	6.519335e+11
11.12	6.607509e+11	6.522867e+11
11.16	6.605242e+11	6.522860e+11
11.20	6.599116e+11	6.518889e+11
11.24	6.588669e+11	6.510489e+11
11.28	6.573389e+11	6.497149e+11
11.32	6.552720e+11	6.478311e+11
11.36	6.526050e+11	6.453364e+11
11.40	6.492714e+11	6.421639e+11
11.44	6.451978e+11	6.382400e+11
11.48	6.403042e+11	6.334844e+11
11.52	6.345028e+11	6.278090e+11
11.56	6.276973e+11	6.211173e+11
11.60	6.197826e+11	6.133035e+11
11.64	6.106429e+11	6.042514e+11
11.68	6.001518e+11	5.938341e+11
11.72	5.881705e+11	5.819121e+11
11.76	5.745471e+11	5.683327e+11
11.80	5.591149e+11	5.529283e+11
11.84	5.416910e+11	5.355155e+11
11.88	5.220755e+11	5.158927e+11
11.92	5.000486e+11	4.938395e+11
11.96	4.753696e+11	4.691138e+11
12.00	4.477748e+11	4.414502e+11
12.04	4.169749e+11	4.105581e+11
12.08	3.826526e+11	3.761184e+11
12.12	3.444605e+11	3.377815e+11
12.16	3.020169e+11	2.951638e+11
12.20	2.549038e+11	2.478451e+11
12.24	2.045123e+11	1.981445e+11
12.28	1.624499e+11	1.573918e+11
12.32	1.290385e+11	1.250207e+11
12.36	1.024989e+11	9.930751e+10
12.40	8.141780e+10	7.888276e+10
12.44	6.467246e+10	6.265880e+10
12.48	5.137116e+10	4.977166e+10
12.52	4.080556e+10	3.953503e+10
12.56	3.241301e+10	3.140379e+10
12.60	2.574657e+10	2.494492e+10
12.64	2.045123e+10	1.981445e+10
12.68	1.624499e+10	1.573918e+10
12.72	1.290385e+10	1.250207e+10
12.76	1.024989e+10	9.930751e+09
12.80	8.141780e+09	7.888276e+09
12.84	6.467246e+09	6.265880e+09
12.88	5.137116e+09	4.977166e+09
12.92	4.080556e+09	3.953503e+09
12.96	3.241301e+09	3.140379e+09
13.00	2.574657e+09	2.494492e+09
13.04	2.045123e+09	1.981445e+09
13.08	1.624499e+09	1.573918e+09
13.12	1.290385e+09	1.250207e+09
13.16	1.024989e+09	9.930751e+08
13.20	8.141780e+08	7.888276e+08
13.24	6.467246e+08	6.265880e+08
13.28	5.137116e+08	4.977166e+08
13.32	4.080556e+08	3.953503e+08
13.36	3.241301e+08	3.140379e+08
13.40	2.574657e+08	2.494492e+08
13.44	2.045123e+08	1.981445e+08
13.48	1.624499e+08	1.573918e+08
13.52	1.290385e+08	1.250207e+08
13.56	1.024989e+08	9.930751e+07
13.60	8.141780e+07	7.888276e+07
13.64	6.467246e+07	6.265880e+07
13.68	5.137116e+07	4.977166e+07
13.72	4.080556e+07	3.953503e+07
13.76	3.241301e+07	3.140379e+07
13.80	2.574657e+07	2.494492e+07
13.84	2.045123e+07	1.981445e+07
13.88	1.624499e+07	1.573918e+07
13.92	1.290385e+07	1.250207e+07
13.96	1.024989e+07	9.930751e+06
14.00	8.141780e+06	7.888276e+06
14.04	6.467246e+06	6.265880e+06
14.08	5.137116e+06	4.977166e+06
14.12	4.080556e+06	3.953503e+06
14.16	3.241301e+06	3.140379e+06
14.20	2.574657e+06	2.494492e+06
14.24	2.045123e+06	1.981445e+06
14.28	1.624499e+06	1.573918e+06
14.32	1.290385e+06	1.250207e+06
14.36	1.024989e+06	9.930751e+05
14.40	8.141780e+05	7.888276e+05
14.44	6.467246e+05	6.265880e+05
14.48	5.137116e+05	4.977166e+05
14.52	4.080556e+05	3.953503e+05
14.56	3.241301e+05	3.140379e+05
14.60	2.574657e+05	2.494492e+05
14.64	2.045123e+05	1.981445e+05
14.68	1.624499e+05	1.573918e+05
14.72	1.290385e+05	1.250207e+05
14.76	1.024989e+05	9.930751e+04
14.80	8.141780e+04	7.888276e+04
14.84	6.467246e+04	6.265880e+04
14.88	5.137116e+04	4.977166e+04
14.92	4.080556e+04	3.953503e+04
14.96	3.241301e+04	3.140379e+04
15.00	2.574657e+04	2.494492e+04
15.04	2.045123e+04	1.981445e+04
15.08	1.624499e+04	1.573918e+04
15.12	1.290385e+04	1.250207e+04
15.16	1.024989e+04	9.930751e+03
15.20	8.141780e+03	7.888276e+03
15.24	6.467246e+03	6.265880e+03
15.28	5.137116e+03	4.977166e+03
15.32	4.080556e+03	3.953503e+03
15.36	3.241301e+03	3.140379e+03
15.40	2.574657e+03	2.494492e+03
15.44	2.045123e+03	1.981445e+03
15.48	1.624499e+03	1.573918e+03
15.52	1.290385e+03	1.250207e+03
15.56	1.024989e+03	9.930751e+02
15.60	8.141780e+02	7.888276e+02
15.64	6.467246e+02	6.265880e+02
15.68	5.137116e+02	4.977166e+02
15.72	4.080556e+02	3.953503e+02
15.76	3.241301e+02	3.140379e+02
15.80	2.574657e+02	2.494492e+02
15.84	2.045123e+02	1.981445e+02
15.88	1.624499e+02	1.573918e+02
15.92	1.290385e+02	1.250207e+02
15.96	1.024989e+02	9.930751e+01
16.00	8.141780e+01	7.888276e+01
