# Photo-pion interaction rate with the MBB, $T=750$ K, $\sigma=1$
# log10(gamma)	1/lambda_proton [1/Mpc]	1/lambda_neutron [1/Mpc]
6.00	0.000000e+00	0.000000e+00
6.04	0.000000e+00	0.000000e+00
6.08	0.000000e+00	0.000000e+00
6.12	0.000000e+00	0.000000e+00
6.16	0.000000e+00	0.000000e+00
6.20	0.000000e+00	0.000000e+00
6.24	6.883279e-284	5.101137e-282
6.28	4.138712e-258	1.696752e-256
6.32	1.308349e-234	3.135145e-233
6.36	3.458434e-213	5.102239e-212
6.40	1.167547e-193	1.114550e-192
6.44	7.409472e-176	4.802687e-175
6.48	1.257708e-159	5.802051e-159
6.52	7.875893e-145	2.707281e-144
6.56	2.438801e-131	6.528911e-131
6.60	4.875693e-119	1.059765e-118
6.64	8.021659e-108	1.470462e-107
6.68	1.354313e-97	2.165161e-97
6.72	2.868177e-88	4.115183e-88
6.76	9.147287e-80	1.206119e-79
6.80	5.188675e-72	6.409285e-72
6.84	6.092052e-65	7.158195e-65
6.88	1.700070e-58	1.923076e-58
6.92	1.279210e-52	1.406048e-52
6.96	2.911796e-47	3.132263e-47
7.00	2.226994e-42	2.357389e-42
7.04	6.298202e-38	6.587900e-38
7.08	7.188015e-34	7.452751e-34
7.12	3.585279e-30	3.693400e-30
7.16	8.405192e-27	8.617988e-27
7.20	9.896903e-24	1.011290e-23
7.24	6.218198e-21	6.338347e-21
7.28	2.203037e-18	2.241691e-18
7.32	4.628542e-16	4.703996e-16
7.36	6.037877e-14	6.131163e-14
7.40	5.099679e-12	5.175600e-12
7.44	2.897499e-10	2.939624e-10
7.48	1.146758e-08	1.163213e-08
7.52	3.263670e-07	3.310277e-07
7.56	6.875947e-06	6.974310e-06
7.60	1.101166e-04	1.117026e-04
7.64	1.373290e-03	1.393289e-03
7.68	1.363453e-02	1.383596e-02
7.72	1.099589e-01	1.116119e-01
7.76	7.336998e-01	7.449551e-01
7.80	4.119083e+00	4.183735e+00
7.84	1.975822e+01	2.007640e+01
7.88	8.212324e+01	8.348408e+01
7.92	2.996062e+02	3.047309e+02
7.96	9.708172e+02	9.880179e+02
8.00	2.824536e+03	2.876571e+03
8.04	7.452893e+03	7.596251e+03
8.08	1.799992e+04	1.836303e+04
8.12	4.012905e+04	4.098190e+04
8.16	8.322381e+04	8.509537e+04
8.20	1.616869e+05	1.655492e+05
8.24	2.961077e+05	3.036428e+05
8.28	5.139750e+05	5.279295e+05
8.32	8.495342e+05	8.741391e+05
8.36	1.342360e+06	1.383755e+06
8.40	2.034312e+06	2.100860e+06
8.44	2.964806e+06	3.067151e+06
8.48	4.164825e+06	4.315532e+06
8.52	5.650609e+06	5.863269e+06
8.56	7.418406e+06	7.706175e+06
8.60	9.441669e+06	9.815336e+06
8.64	1.167171e+07	1.213750e+07
8.68	1.404194e+07	1.459938e+07
8.72	1.647501e+07	1.711514e+07
8.76	1.889129e+07	1.959551e+07
8.80	2.121699e+07	2.195679e+07
8.84	2.339039e+07	2.412802e+07
8.88	2.536539e+07	2.605538e+07
8.92	2.711211e+07	2.770367e+07
8.96	2.861532e+07	2.905533e+07
9.00	2.987140e+07	3.010783e+07
9.04	3.088493e+07	3.087037e+07
9.08	3.166569e+07	3.136068e+07
9.12	3.222635e+07	3.160215e+07
9.16	3.258115e+07	3.162165e+07
9.20	3.274524e+07	3.144783e+07
9.24	3.273463e+07	3.110985e+07
9.28	3.256622e+07	3.063642e+07
9.32	3.225791e+07	3.005506e+07
9.36	3.182855e+07	2.939153e+07
9.40	3.129767e+07	2.866939e+07
9.44	3.068508e+07	2.790977e+07
9.48	3.001032e+07	2.713113e+07
9.52	2.929211e+07	2.634929e+07
9.56	2.854784e+07	2.557741e+07
9.60	2.779310e+07	2.482611e+07
9.64	2.704138e+07	2.410362e+07
9.68	2.630390e+07	2.341599e+07
9.72	2.558960e+07	2.276732e+07
9.76	2.490521e+07	2.216001e+07
9.80	2.425542e+07	2.159505e+07
9.84	2.364317e+07	2.107227e+07
9.88	2.306988e+07	2.059062e+07
9.92	2.253579e+07	2.014838e+07
9.96	2.204019e+07	1.974339e+07
10.00	2.158171e+07	1.937323e+07
10.04	2.115852e+07	1.903535e+07
10.08	2.076850e+07	1.872721e+07
10.12	2.040944e+07	1.844634e+07
10.16	2.007910e+07	1.819042e+07
10.20	1.977531e+07	1.795731e+07
10.24	1.949602e+07	1.774508e+07
10.28	1.923933e+07	1.755199e+07
10.32	1.900351e+07	1.737649e+07
10.36	1.878697e+07	1.721721e+07
10.40	1.858828e+07	1.707292e+07
10.44	1.840614e+07	1.694253e+07
10.48	1.823937e+07	1.682507e+07
10.52	1.808689e+07	1.671964e+07
10.56	1.794771e+07	1.662542e+07
10.60	1.782095e+07	1.654169e+07
10.64	1.770577e+07	1.646775e+07
10.68	1.760141e+07	1.640298e+07
10.72	1.750719e+07	1.634681e+07
10.76	1.742246e+07	1.629870e+07
10.80	1.734666e+07	1.625816e+07
10.84	1.727924e+07	1.622475e+07
10.88	1.721973e+07	1.619806e+07
10.92	1.716770e+07	1.617772e+07
10.96	1.712274e+07	1.616339e+07
11.00	1.708450e+07	1.615477e+07
11.04	1.705265e+07	1.615158e+07
11.08	1.702690e+07	1.615357e+07
11.12	1.700698e+07	1.616051e+07
11.16	1.699266e+07	1.617220e+07
11.20	1.698371e+07	1.618846e+07
11.24	1.697994e+07	1.620911e+07
11.28	1.698116e+07	1.623400e+07
11.32	1.698722e+07	1.626300e+07
11.36	1.699795e+07	1.629597e+07
11.40	1.701321e+07	1.633281e+07
11.44	1.703289e+07	1.637339e+07
11.48	1.705686e+07	1.641763e+07
11.52	1.708501e+07	1.646543e+07
11.56	1.711723e+07	1.651672e+07
11.60	1.715343e+07	1.657140e+07
11.64	1.719352e+07	1.662941e+07
11.68	1.723741e+07	1.669068e+07
11.72	1.728503e+07	1.675514e+07
11.76	1.733629e+07	1.682274e+07
11.80	1.739112e+07	1.689341e+07
11.84	1.744945e+07	1.696710e+07
11.88	1.751123e+07	1.704377e+07
11.92	1.757638e+07	1.712336e+07
11.96	1.764484e+07	1.720582e+07
12.00	1.771657e+07	1.729112e+07
12.04	1.779149e+07	1.737921e+07
12.08	1.786958e+07	1.747005e+07
12.12	1.795076e+07	1.756360e+07
12.16	1.803500e+07	1.765983e+07
12.20	1.812224e+07	1.775870e+07
12.24	1.821245e+07	1.786018e+07
12.28	1.830559e+07	1.796424e+07
12.32	1.840160e+07	1.807085e+07
12.36	1.850047e+07	1.817999e+07
12.40	1.860214e+07	1.829161e+07
12.44	1.870658e+07	1.840571e+07
12.48	1.881376e+07	1.852225e+07
12.52	1.892365e+07	1.864121e+07
12.56	1.903622e+07	1.876256e+07
12.60	1.915143e+07	1.888630e+07
12.64	1.926926e+07	1.901239e+07
12.68	1.938969e+07	1.914083e+07
12.72	1.951268e+07	1.927158e+07
12.76	1.963822e+07	1.940464e+07
12.80	1.976627e+07	1.953999e+07
12.84	1.989682e+07	1.967761e+07
12.88	2.002982e+07	1.981745e+07
12.92	2.016513e+07	1.995938e+07
12.96	2.030239e+07	2.010298e+07
13.00	2.044053e+07	2.024709e+07
13.04	2.057700e+07	2.038894e+07
13.08	2.070630e+07	2.052265e+07
13.12	2.081818e+07	2.063739e+07
13.16	2.089573e+07	2.071554e+07
13.20	2.091430e+07	2.073174e+07
13.24	2.084213e+07	2.065379e+07
13.28	2.064327e+07	2.044571e+07
13.32	2.028260e+07	2.007303e+07
13.36	1.973199e+07	1.950886e+07
13.40	1.897608e+07	1.873958e+07
13.44	1.801610e+07	1.776826e+07
13.48	1.687078e+07	1.661532e+07
13.52	1.557422e+07	1.531608e+07
13.56	1.417144e+07	1.391613e+07
13.60	1.271266e+07	1.246561e+07
13.64	1.124767e+07	1.101370e+07
13.68	9.821146e+06	9.604079e+06
13.72	8.469571e+06	8.272021e+06
13.76	7.219690e+06	7.043077e+06
13.80	6.088447e+06	5.933107e+06
13.84	5.083923e+06	4.949306e+06
13.88	4.206881e+06	4.091779e+06
13.92	3.452538e+06	3.355305e+06
13.96	2.812298e+06	2.731048e+06
14.00	2.275273e+06	2.208037e+06
14.04	1.829514e+06	1.774360e+06
14.08	1.462935e+06	1.418044e+06
14.12	1.163954e+06	1.127672e+06
14.16	9.218930e+05	8.927512e+05
14.20	7.271949e+05	7.039197e+05
14.24	5.715053e+05	5.530090e+05
14.28	4.476565e+05	4.330241e+05
14.32	3.495952e+05	3.380663e+05
14.36	2.722754e+05	2.632247e+05
14.40	2.115376e+05	2.044556e+05
14.44	1.639854e+05	1.584602e+05
14.48	1.268684e+05	1.225691e+05
14.52	9.797499e+04	9.463763e+04
14.56	7.553795e+04	7.295286e+04
14.60	5.815280e+04	5.615428e+04
14.64	4.470870e+04	4.316637e+04
14.68	3.433082e+04	3.314244e+04
14.72	2.633276e+04	2.541840e+04
14.76	2.017777e+04	1.947517e+04
14.80	1.544738e+04	1.490813e+04
14.84	1.181620e+04	1.140276e+04
14.88	9.031814e+03	8.715138e+03
14.92	6.898842e+03	6.656496e+03
14.96	5.266335e+03	5.081019e+03
15.00	4.017874e+03	3.876269e+03
15.04	3.063810e+03	2.955677e+03
15.08	2.335206e+03	2.252682e+03
15.12	1.779117e+03	1.716172e+03
15.16	1.354929e+03	1.306941e+03
15.20	1.031517e+03	9.949482e+02
15.24	7.850506e+02	7.571949e+02
15.28	5.973002e+02	5.760895e+02
15.32	4.543314e+02	4.381860e+02
15.36	3.455002e+02	3.332141e+02
15.40	2.626809e+02	2.533343e+02
15.44	1.996742e+02	1.925655e+02
15.48	1.517526e+02	1.463474e+02
15.52	1.153131e+02	1.112039e+02
15.56	8.761030e+01	8.448702e+01
15.60	6.655368e+01	6.418017e+01
15.64	5.055154e+01	4.874810e+01
15.68	3.839257e+01	3.702247e+01
15.72	2.915510e+01	2.811437e+01
15.76	2.213812e+01	2.134766e+01
15.80	1.680852e+01	1.620821e+01
15.84	1.276097e+01	1.230512e+01
15.88	9.687388e+00	9.341268e+00
15.92	7.353622e+00	7.090837e+00
15.96	5.581744e+00	5.382246e+00
16.00	4.236574e+00	4.085132e+00
