# Photo-pion interaction rate with the BB_100_1
# log10(gamma)	1/lambda_proton [1/Mpc]	1/lambda_neutron [1/Mpc]
6.00	0.000000e+00	0.000000e+00
6.04	0.000000e+00	0.000000e+00
6.08	0.000000e+00	0.000000e+00
6.12	0.000000e+00	0.000000e+00
6.16	0.000000e+00	0.000000e+00
6.20	0.000000e+00	0.000000e+00
6.24	0.000000e+00	0.000000e+00
6.28	0.000000e+00	0.000000e+00
6.32	0.000000e+00	0.000000e+00
6.36	0.000000e+00	0.000000e+00
6.40	0.000000e+00	0.000000e+00
6.44	0.000000e+00	0.000000e+00
6.48	0.000000e+00	0.000000e+00
6.52	0.000000e+00	0.000000e+00
6.56	0.000000e+00	0.000000e+00
6.60	0.000000e+00	0.000000e+00
6.64	0.000000e+00	0.000000e+00
6.68	0.000000e+00	0.000000e+00
6.72	0.000000e+00	0.000000e+00
6.76	0.000000e+00	0.000000e+00
6.80	0.000000e+00	0.000000e+00
6.84	0.000000e+00	0.000000e+00
6.88	0.000000e+00	0.000000e+00
6.92	0.000000e+00	0.000000e+00
6.96	0.000000e+00	0.000000e+00
7.00	0.000000e+00	0.000000e+00
7.04	0.000000e+00	0.000000e+00
7.08	0.000000e+00	0.000000e+00
7.12	7.102768e-287	4.877593e-285
7.16	2.175445e-261	8.322302e-260
7.20	3.718289e-238	8.368930e-237
7.24	5.611317e-217	7.824399e-216
7.28	1.136563e-197	1.031666e-196
7.32	4.528165e-180	2.807289e-179
7.36	5.028989e-164	2.231724e-163
7.40	2.139567e-149	7.114333e-149
7.44	4.658283e-136	1.212738e-135
7.48	6.755648e-124	1.434990e-123
7.52	8.294857e-113	1.492507e-112
7.56	1.072497e-102	1.689417e-102
7.60	1.780832e-93	2.525578e-93
7.64	4.549277e-85	5.944653e-85
7.68	2.107687e-77	2.585539e-77
7.72	2.057457e-70	2.404787e-70
7.76	4.851655e-64	5.466154e-64
7.80	3.130701e-58	3.430777e-58
7.84	6.194349e-53	6.648366e-53
7.88	4.169018e-48	4.405740e-48
7.92	1.049273e-43	1.096178e-43
7.96	1.076681e-39	1.115319e-39
8.00	4.873784e-36	5.017421e-36
8.04	1.045825e-32	1.071784e-32
8.08	1.135943e-29	1.160330e-29
8.12	6.630539e-27	6.756970e-27
8.16	2.196564e-24	2.234710e-24
8.20	4.340781e-22	4.411005e-22
8.24	5.354861e-20	5.437148e-20
8.28	4.298140e-18	4.361898e-18
8.32	2.331208e-16	2.365028e-16
8.36	8.843518e-15	8.970289e-15
8.40	2.421445e-13	2.456022e-13
8.44	4.924862e-12	4.995355e-12
8.48	7.637579e-11	7.747713e-11
8.52	9.249906e-10	9.384823e-10
8.56	8.941499e-09	9.073862e-09
8.60	7.037547e-08	7.143595e-08
8.64	4.592689e-07	4.663332e-07
8.68	2.526754e-06	2.566533e-06
8.72	1.189891e-05	1.209118e-05
8.76	4.863402e-05	4.944294e-05
8.80	1.747420e-04	1.777434e-04
8.84	5.584202e-04	5.683597e-04
8.88	1.604368e-03	1.634075e-03
8.92	4.185302e-03	4.266262e-03
8.96	1.000435e-02	1.020742e-02
9.00	2.209657e-02	2.256936e-02
9.04	4.544163e-02	4.647098e-02
9.08	8.761412e-02	8.972314e-02
9.12	1.593503e-01	1.634377e-01
9.16	2.748642e-01	2.823869e-01
9.20	4.517076e-01	4.648938e-01
9.24	7.099619e-01	7.320205e-01
9.28	1.070605e+00	1.105871e+00
9.32	1.553046e+00	1.606991e+00
9.36	2.172073e+00	2.251088e+00
9.40	2.934714e+00	3.045632e+00
9.44	3.837720e+00	3.987046e+00
9.48	4.866359e+00	5.059278e+00
9.52	5.994960e+00	6.234239e+00
9.56	7.189266e+00	7.474182e+00
9.60	8.410119e+00	8.735604e+00
9.64	9.617754e+00	9.973871e+00
9.68	1.077578e+01	1.114764e+01
9.72	1.185416e+01	1.222230e+01
9.76	1.283079e+01	1.317203e+01
9.80	1.369168e+01	1.398030e+01
9.84	1.442997e+01	1.463934e+01
9.88	1.504447e+01	1.514868e+01
9.92	1.553786e+01	1.551356e+01
9.96	1.591529e+01	1.574328e+01
10.00	1.618322e+01	1.584984e+01
10.04	1.634887e+01	1.584687e+01
10.08	1.641988e+01	1.574877e+01
10.12	1.640432e+01	1.557018e+01
10.16	1.631074e+01	1.532543e+01
10.20	1.614816e+01	1.502821e+01
10.24	1.592609e+01	1.469133e+01
10.28	1.565436e+01	1.432644e+01
10.32	1.534288e+01	1.394397e+01
10.36	1.500142e+01	1.355302e+01
10.40	1.463929e+01	1.316135e+01
10.44	1.426512e+01	1.277540e+01
10.48	1.388660e+01	1.240034e+01
10.52	1.351034e+01	1.204015e+01
10.56	1.314184e+01	1.169775e+01
10.60	1.278544e+01	1.137506e+01
10.64	1.244437e+01	1.107321e+01
10.68	1.212088e+01	1.079261e+01
10.72	1.181633e+01	1.053311e+01
10.76	1.153135e+01	1.029414e+01
10.80	1.126601e+01	1.007480e+01
10.84	1.101990e+01	9.873992e+00
10.88	1.079229e+01	9.690490e+00
10.92	1.058224e+01	9.523014e+00
10.96	1.038870e+01	9.370289e+00
11.00	1.021053e+01	9.231088e+00
11.04	1.004662e+01	9.104257e+00
11.08	9.895895e+00	8.988739e+00
11.12	9.757329e+00	8.883572e+00
11.16	9.629983e+00	8.787900e+00
11.20	9.512995e+00	8.700957e+00
11.24	9.405582e+00	8.622064e+00
11.28	9.307032e+00	8.550618e+00
11.32	9.216702e+00	8.486078e+00
11.36	9.134008e+00	8.427958e+00
11.40	9.058415e+00	8.375817e+00
11.44	8.989436e+00	8.329254e+00
11.48	8.926624e+00	8.287901e+00
11.52	8.869571e+00	8.251419e+00
11.56	8.817900e+00	8.219497e+00
11.60	8.771269e+00	8.191848e+00
11.64	8.729362e+00	8.168209e+00
11.68	8.691892e+00	8.148339e+00
11.72	8.658596e+00	8.132016e+00
11.76	8.629238e+00	8.119038e+00
11.80	8.603600e+00	8.109222e+00
11.84	8.581486e+00	8.102400e+00
11.88	8.562718e+00	8.098422e+00
11.92	8.547137e+00	8.097150e+00
11.96	8.534596e+00	8.098461e+00
12.00	8.524965e+00	8.102241e+00
12.04	8.518123e+00	8.108390e+00
12.08	8.513962e+00	8.116816e+00
12.12	8.512385e+00	8.127435e+00
12.16	8.513301e+00	8.140173e+00
12.20	8.516629e+00	8.154959e+00
12.24	8.522293e+00	8.171730e+00
12.28	8.530223e+00	8.190430e+00
12.32	8.540357e+00	8.211005e+00
12.36	8.552634e+00	8.233407e+00
12.40	8.567000e+00	8.257589e+00
12.44	8.583403e+00	8.283511e+00
12.48	8.601795e+00	8.311132e+00
12.52	8.622130e+00	8.340418e+00
12.56	8.644367e+00	8.371332e+00
12.60	8.668465e+00	8.403845e+00
12.64	8.694385e+00	8.437924e+00
12.68	8.722092e+00	8.473542e+00
12.72	8.751552e+00	8.510673e+00
12.76	8.782731e+00	8.549289e+00
12.80	8.815599e+00	8.589368e+00
12.84	8.850125e+00	8.630886e+00
12.88	8.886282e+00	8.673821e+00
12.92	8.924042e+00	8.718153e+00
12.96	8.963379e+00	8.763861e+00
13.00	9.004268e+00	8.810928e+00
13.04	9.046686e+00	8.859334e+00
13.08	9.090609e+00	8.909064e+00
13.12	9.136016e+00	8.960100e+00
13.16	9.182886e+00	9.012427e+00
13.20	9.231199e+00	9.066030e+00
13.24	9.280935e+00	9.120896e+00
13.28	9.332078e+00	9.177011e+00
13.32	9.384608e+00	9.234361e+00
13.36	9.438509e+00	9.292935e+00
13.40	9.493766e+00	9.352721e+00
13.44	9.550363e+00	9.413708e+00
13.48	9.608284e+00	9.475886e+00
13.52	9.667518e+00	9.539245e+00
13.56	9.728049e+00	9.603776e+00
13.60	9.789866e+00	9.669470e+00
13.64	9.852957e+00	9.736318e+00
13.68	9.917310e+00	9.804313e+00
13.72	9.982910e+00	9.873443e+00
13.76	1.004973e+01	9.943682e+00
13.80	1.011770e+01	1.001495e+01
13.84	1.018661e+01	1.008702e+01
13.88	1.025585e+01	1.015923e+01
13.92	1.032401e+01	1.023003e+01
13.96	1.038809e+01	1.029625e+01
14.00	1.044259e+01	1.035206e+01
14.04	1.047856e+01	1.038817e+01
14.08	1.048318e+01	1.039139e+01
14.12	1.044015e+01	1.034525e+01
14.16	1.033135e+01	1.023163e+01
14.20	1.013944e+01	1.003356e+01
14.24	9.850961e+00	9.738251e+00
14.28	9.459161e+00	9.339820e+00
14.32	8.965748e+00	8.840911e+00
14.36	8.381149e+00	8.252771e+00
14.40	7.723279e+00	7.593887e+00
14.44	7.015182e+00	6.887554e+00
14.48	6.282158e+00	6.158995e+00
14.52	5.548962e+00	5.432625e+00
14.56	4.837559e+00	4.729888e+00
14.60	4.165654e+00	4.067886e+00
14.64	3.546039e+00	3.458816e+00
14.68	2.986627e+00	2.910057e+00
14.72	2.490970e+00	2.424730e+00
14.76	2.059060e+00	2.002511e+00
14.80	1.688216e+00	1.640513e+00
14.84	1.373949e+00	1.334137e+00
14.88	1.110704e+00	1.077797e+00
14.92	8.924609e-01	8.654940e-01
14.96	7.131772e-01	6.912482e-01
15.00	5.670932e-01	5.493837e-01
15.04	4.489210e-01	4.347073e-01
15.08	3.539432e-01	3.425983e-01
15.12	2.780459e-01	2.690356e-01
15.16	2.177072e-01	2.105829e-01
15.20	1.699579e-01	1.643473e-01
15.24	1.323266e-01	1.279239e-01
15.28	1.027785e-01	9.933476e-02
15.32	7.965402e-02	7.696822e-02
15.36	6.161047e-02	5.952125e-02
15.40	4.756906e-02	4.594772e-02
15.44	3.666836e-02	3.541280e-02
15.48	2.822420e-02	2.725375e-02
15.52	2.169576e-02	2.094698e-02
15.56	1.665732e-02	1.608049e-02
15.60	1.277501e-02	1.233126e-02
15.64	9.787848e-03	9.446918e-03
15.68	7.492430e-03	7.230799e-03
15.72	5.730648e-03	5.530082e-03
15.76	4.379886e-03	4.226280e-03
15.80	3.345257e-03	3.227716e-03
15.84	2.553467e-03	2.463595e-03
15.88	1.948002e-03	1.879335e-03
15.92	1.485350e-03	1.432919e-03
15.96	1.132058e-03	1.092046e-03
16.00	8.624353e-04	8.319182e-04
