# Photo-pion interaction rate with the BPL, $\epsilon_0 = 3.0$ eV, $\alpha=3/2$, $\beta=-2.0$
# log10(gamma)	1/lambda_proton [1/Mpc]	1/lambda_neutron [1/Mpc]
6.00	2.583978e+09	2.568720e+09
6.04	2.833275e+09	2.816546e+09
6.08	3.106625e+09	3.088281e+09
6.12	3.406346e+09	3.386233e+09
6.16	3.734984e+09	3.712930e+09
6.20	4.095329e+09	4.071147e+09
6.24	4.490439e+09	4.463924e+09
6.28	4.923668e+09	4.894596e+09
6.32	5.398695e+09	5.366817e+09
6.36	5.919551e+09	5.884598e+09
6.40	6.490659e+09	6.452334e+09
6.44	7.116866e+09	7.074843e+09
6.48	7.803488e+09	7.757411e+09
6.52	8.556354e+09	8.505832e+09
6.56	9.381856e+09	9.326460e+09
6.60	1.028700e+10	1.022626e+10
6.64	1.127947e+10	1.121287e+10
6.68	1.236769e+10	1.229467e+10
6.72	1.356091e+10	1.348084e+10
6.76	1.486924e+10	1.478144e+10
6.80	1.630380e+10	1.620753e+10
6.84	1.787676e+10	1.777120e+10
6.88	1.960148e+10	1.948574e+10
6.92	2.149259e+10	2.136568e+10
6.96	2.356616e+10	2.342701e+10
7.00	2.583978e+10	2.568720e+10
7.04	2.833275e+10	2.816546e+10
7.08	3.106625e+10	3.088281e+10
7.12	3.406346e+10	3.386233e+10
7.16	3.734984e+10	3.712930e+10
7.20	4.095329e+10	4.071147e+10
7.24	4.490439e+10	4.463924e+10
7.28	4.923668e+10	4.894596e+10
7.32	5.398695e+10	5.366817e+10
7.36	5.919551e+10	5.884598e+10
7.40	6.490659e+10	6.452334e+10
7.44	7.116574e+10	7.074546e+10
7.48	7.797814e+10	7.751647e+10
7.52	8.526971e+10	8.475967e+10
7.56	9.291174e+10	9.234172e+10
7.60	1.007415e+11	1.000927e+11
7.64	1.085588e+11	1.078015e+11
7.68	1.160959e+11	1.151831e+11
7.72	1.229777e+11	1.218355e+11
7.76	1.287284e+11	1.272438e+11
7.80	1.329506e+11	1.309715e+11
7.84	1.355864e+11	1.329464e+11
7.88	1.368831e+11	1.334294e+11
7.92	1.371919e+11	1.327993e+11
7.96	1.368490e+11	1.314228e+11
8.00	1.361002e+11	1.295831e+11
8.04	1.350704e+11	1.274507e+11
8.08	1.337946e+11	1.251064e+11
8.12	1.322269e+11	1.225463e+11
8.16	1.302932e+11	1.197316e+11
8.20	1.280252e+11	1.167163e+11
8.24	1.254991e+11	1.136055e+11
8.28	1.227549e+11	1.104860e+11
8.32	1.198442e+11	1.074231e+11
8.36	1.168529e+11	1.044679e+11
8.40	1.138611e+11	1.016535e+11
8.44	1.109252e+11	9.899395e+10
8.48	1.080836e+11	9.649380e+10
8.52	1.053677e+11	9.415844e+10
8.56	1.028028e+11	9.199396e+10
8.60	1.004051e+11	9.000285e+10
8.64	9.818136e+10	8.818238e+10
8.68	9.613083e+10	8.652534e+10
8.72	9.424723e+10	8.502144e+10
8.76	9.252097e+10	8.365871e+10
8.80	9.094073e+10	8.242475e+10
8.84	8.949473e+10	8.130747e+10
8.88	8.817143e+10	8.029560e+10
8.92	8.696002e+10	7.937899e+10
8.96	8.585064e+10	7.854860e+10
9.00	8.483439e+10	7.779656e+10
9.04	8.390338e+10	7.711594e+10
9.08	8.305056e+10	7.650073e+10
9.12	8.226966e+10	7.594564e+10
9.16	8.155510e+10	7.544600e+10
9.20	8.090186e+10	7.499765e+10
9.24	8.030546e+10	7.459688e+10
9.28	7.976245e+10	7.424098e+10
9.32	7.927011e+10	7.392783e+10
9.36	7.882559e+10	7.365514e+10
9.40	7.842608e+10	7.342066e+10
9.44	7.806882e+10	7.322207e+10
9.48	7.775117e+10	7.305719e+10
9.52	7.747073e+10	7.292394e+10
9.56	7.722523e+10	7.282038e+10
9.60	7.701256e+10	7.274473e+10
9.64	7.683080e+10	7.269533e+10
9.68	7.667820e+10	7.267067e+10
9.72	7.655317e+10	7.266935e+10
9.76	7.645424e+10	7.269011e+10
9.80	7.638008e+10	7.273180e+10
9.84	7.632945e+10	7.279333e+10
9.88	7.630122e+10	7.287372e+10
9.92	7.629434e+10	7.297206e+10
9.96	7.630783e+10	7.308749e+10
10.00	7.634077e+10	7.321920e+10
10.04	7.639228e+10	7.336644e+10
10.08	7.646154e+10	7.352848e+10
10.12	7.654775e+10	7.370462e+10
10.16	7.665014e+10	7.389416e+10
10.20	7.676794e+10	7.409645e+10
10.24	7.690041e+10	7.431081e+10
10.28	7.704680e+10	7.453659e+10
10.32	7.720639e+10	7.477311e+10
10.36	7.737840e+10	7.501968e+10
10.40	7.756207e+10	7.527562e+10
10.44	7.775661e+10	7.554018e+10
10.48	7.796118e+10	7.581262e+10
10.52	7.817497e+10	7.609215e+10
10.56	7.839710e+10	7.637796e+10
10.60	7.862662e+10	7.666917e+10
10.64	7.886256e+10	7.696485e+10
10.68	7.910387e+10	7.726404e+10
10.72	7.934946e+10	7.756566e+10
10.76	7.959818e+10	7.786861e+10
10.80	7.984875e+10	7.817166e+10
10.84	8.009984e+10	7.847353e+10
10.88	8.034999e+10	7.877281e+10
10.92	8.059766e+10	7.906798e+10
10.96	8.084115e+10	7.935738e+10
11.00	8.107864e+10	7.963925e+10
11.04	8.130818e+10	7.991163e+10
11.08	8.152761e+10	8.017242e+10
11.12	8.173462e+10	8.041934e+10
11.16	8.192668e+10	8.064988e+10
11.20	8.210105e+10	8.086131e+10
11.24	8.225471e+10	8.105065e+10
11.28	8.238442e+10	8.121468e+10
11.32	8.248663e+10	8.134985e+10
11.36	8.255742e+10	8.145225e+10
11.40	8.259258e+10	8.151769e+10
11.44	8.258744e+10	8.154149e+10
11.48	8.253692e+10	8.151861e+10
11.52	8.243549e+10	8.144346e+10
11.56	8.227710e+10	8.131000e+10
11.60	8.205507e+10	8.111157e+10
11.64	8.176214e+10	8.084088e+10
11.68	8.139035e+10	8.048995e+10
11.72	8.093097e+10	8.005003e+10
11.76	8.037448e+10	7.951155e+10
11.80	7.971040e+10	7.886401e+10
11.84	7.892728e+10	7.809591e+10
11.88	7.801256e+10	7.719465e+10
11.92	7.695250e+10	7.614641e+10
11.96	7.573200e+10	7.493604e+10
12.00	7.433454e+10	7.354694e+10
12.04	7.274202e+10	7.196093e+10
12.08	7.093459e+10	7.015804e+10
12.12	6.889048e+10	6.811642e+10
12.16	6.658585e+10	6.581209e+10
12.20	6.399455e+10	6.321876e+10
12.24	6.108790e+10	6.030761e+10
12.28	5.783448e+10	5.704706e+10
12.32	5.419986e+10	5.340247e+10
12.36	5.014624e+10	4.933583e+10
12.40	4.563223e+10	4.480554e+10
12.44	4.061241e+10	3.976590e+10
12.48	3.503696e+10	3.416687e+10
12.52	2.885134e+10	2.795549e+10
12.56	2.291946e+10	2.220583e+10
12.60	1.820557e+10	1.763872e+10
12.64	1.446120e+10	1.401093e+10
12.68	1.148694e+10	1.112928e+10
12.72	9.124401e+09	8.840302e+09
12.76	7.247769e+09	7.022101e+09
12.80	5.757108e+09	5.577853e+09
12.84	4.573033e+09	4.430646e+09
12.88	3.632489e+09	3.519388e+09
12.92	2.885389e+09	2.795549e+09
12.96	2.291946e+09	2.220583e+09
13.00	1.820557e+09	1.763872e+09
13.04	1.446120e+09	1.401093e+09
13.08	1.148694e+09	1.112928e+09
13.12	9.124401e+08	8.840302e+08
13.16	7.247769e+08	7.022101e+08
13.20	5.757108e+08	5.577853e+08
13.24	4.573033e+08	4.430646e+08
13.28	3.632489e+08	3.519388e+08
13.32	2.885389e+08	2.795549e+08
13.36	2.291946e+08	2.220583e+08
13.40	1.820557e+08	1.763872e+08
13.44	1.446120e+08	1.401093e+08
13.48	1.148694e+08	1.112928e+08
13.52	9.124401e+07	8.840302e+07
13.56	7.247769e+07	7.022101e+07
13.60	5.757108e+07	5.577853e+07
13.64	4.573033e+07	4.430646e+07
13.68	3.632489e+07	3.519388e+07
13.72	2.885389e+07	2.795549e+07
13.76	2.291946e+07	2.220583e+07
13.80	1.820557e+07	1.763872e+07
13.84	1.446120e+07	1.401093e+07
13.88	1.148694e+07	1.112928e+07
13.92	9.124401e+06	8.840302e+06
13.96	7.247769e+06	7.022101e+06
14.00	5.757108e+06	5.577853e+06
14.04	4.573033e+06	4.430646e+06
14.08	3.632489e+06	3.519388e+06
14.12	2.885389e+06	2.795549e+06
14.16	2.291946e+06	2.220583e+06
14.20	1.820557e+06	1.763872e+06
14.24	1.446120e+06	1.401093e+06
14.28	1.148694e+06	1.112928e+06
14.32	9.124401e+05	8.840302e+05
14.36	7.247769e+05	7.022101e+05
14.40	5.757108e+05	5.577853e+05
14.44	4.573033e+05	4.430646e+05
14.48	3.632489e+05	3.519388e+05
14.52	2.885389e+05	2.795549e+05
14.56	2.291946e+05	2.220583e+05
14.60	1.820557e+05	1.763872e+05
14.64	1.446120e+05	1.401093e+05
14.68	1.148694e+05	1.112928e+05
14.72	9.124401e+04	8.840302e+04
14.76	7.247769e+04	7.022101e+04
14.80	5.757108e+04	5.577853e+04
14.84	4.573033e+04	4.430646e+04
14.88	3.632489e+04	3.519388e+04
14.92	2.885389e+04	2.795549e+04
14.96	2.291946e+04	2.220583e+04
15.00	1.820557e+04	1.763872e+04
15.04	1.446120e+04	1.401093e+04
15.08	1.148694e+04	1.112928e+04
15.12	9.124401e+03	8.840302e+03
15.16	7.247769e+03	7.022101e+03
15.20	5.757108e+03	5.577853e+03
15.24	4.573033e+03	4.430646e+03
15.28	3.632489e+03	3.519388e+03
15.32	2.885389e+03	2.795549e+03
15.36	2.291946e+03	2.220583e+03
15.40	1.820557e+03	1.763872e+03
15.44	1.446120e+03	1.401093e+03
15.48	1.148694e+03	1.112928e+03
15.52	9.124401e+02	8.840302e+02
15.56	7.247769e+02	7.022101e+02
15.60	5.757108e+02	5.577853e+02
15.64	4.573033e+02	4.430646e+02
15.68	3.632489e+02	3.519388e+02
15.72	2.885389e+02	2.795549e+02
15.76	2.291946e+02	2.220583e+02
15.80	1.820557e+02	1.763872e+02
15.84	1.446120e+02	1.401093e+02
15.88	1.148694e+02	1.112928e+02
15.92	9.124401e+01	8.840302e+01
15.96	7.247769e+01	7.022101e+01
16.00	5.757108e+01	5.577853e+01
