# Photo-pion interaction rate with the MBB, $T=5000$ K, $\sigma=2$
# log10(gamma)	1/lambda_proton [1/Mpc]	1/lambda_neutron [1/Mpc]
6.00	3.881957e-63	4.632821e-63
6.04	1.736654e-56	1.987352e-56
6.08	1.994260e-50	2.210838e-50
6.12	6.623901e-45	7.170226e-45
6.16	7.096177e-40	7.545931e-40
6.20	2.708231e-35	2.842092e-35
6.24	4.031702e-31	4.189962e-31
6.28	2.543147e-27	2.624163e-27
6.32	7.330321e-24	7.524563e-24
6.36	1.034321e-20	1.057734e-20
6.40	7.607753e-18	7.758931e-18
6.44	3.089021e-15	3.144346e-15
6.48	7.295569e-13	7.416217e-13
6.52	1.051212e-10	1.067606e-10
6.56	9.651977e-09	9.796484e-09
6.60	5.876019e-07	5.961701e-07
6.64	2.459382e-05	2.494712e-05
6.68	7.314796e-04	7.419254e-04
6.72	1.593361e-02	1.616139e-02
6.76	2.612879e-01	2.650477e-01
6.80	3.307747e+00	3.355871e+00
6.84	3.307641e+01	3.356478e+01
6.88	2.667958e+02	2.708062e+02
6.92	1.769415e+03	1.796575e+03
6.96	9.819144e+03	9.973504e+03
7.00	4.633065e+04	4.707881e+04
7.04	1.886204e+05	1.917593e+05
7.08	6.715594e+05	6.831163e+05
7.12	2.117064e+06	2.154887e+06
7.16	5.977125e+06	6.088465e+06
7.20	1.527323e+07	1.557127e+07
7.24	3.566712e+07	3.639989e+07
7.28	7.680417e+07	7.847398e+07
7.32	1.537538e+08	1.573085e+08
7.36	2.882611e+08	2.953767e+08
7.40	5.094326e+08	5.228968e+08
7.44	8.534082e+08	8.775833e+08
7.48	1.361534e+09	1.402830e+09
7.52	2.076629e+09	2.143854e+09
7.56	3.037257e+09	3.141656e+09
7.60	4.270515e+09	4.425298e+09
7.64	5.784609e+09	6.003825e+09
7.68	7.563095e+09	7.859828e+09
7.72	9.562689e+09	9.946746e+09
7.76	1.171588e+10	1.219127e+10
7.80	1.393827e+10	1.450091e+10
7.84	1.613927e+10	1.677528e+10
7.88	1.823354e+10	1.891853e+10
7.92	2.015077e+10	2.085022e+10
7.96	2.184169e+10	2.251238e+10
8.00	2.327962e+10	2.387205e+10
8.04	2.445802e+10	2.491952e+10
8.08	2.538546e+10	2.566380e+10
8.12	2.607976e+10	2.612688e+10
8.16	2.656264e+10	2.633831e+10
8.20	2.685595e+10	2.633094e+10
8.24	2.697971e+10	2.613807e+10
8.28	2.695158e+10	2.579186e+10
8.32	2.678746e+10	2.532250e+10
8.36	2.650242e+10	2.475785e+10
8.40	2.611161e+10	2.412329e+10
8.44	2.563081e+10	2.344157e+10
8.48	2.507658e+10	2.273271e+10
8.52	2.446602e+10	2.201392e+10
8.56	2.381619e+10	2.129969e+10
8.60	2.314353e+10	2.060183e+10
8.64	2.246318e+10	1.992964e+10
8.68	2.178849e+10	1.929009e+10
8.72	2.113062e+10	1.868807e+10
8.76	2.049839e+10	1.812660e+10
8.80	1.989827e+10	1.760709e+10
8.84	1.933451e+10	1.712959e+10
8.88	1.880943e+10	1.669311e+10
8.92	1.832370e+10	1.629582e+10
8.96	1.787673e+10	1.593534e+10
9.00	1.746700e+10	1.560892e+10
9.04	1.709235e+10	1.531368e+10
9.08	1.675026e+10	1.504670e+10
9.12	1.643804e+10	1.480519e+10
9.16	1.615301e+10	1.458652e+10
9.20	1.589259e+10	1.438830e+10
9.24	1.565440e+10	1.420840e+10
9.28	1.543630e+10	1.404497e+10
9.32	1.523640e+10	1.389642e+10
9.36	1.505302e+10	1.376139e+10
9.40	1.488476e+10	1.363872e+10
9.44	1.473037e+10	1.352746e+10
9.48	1.458879e+10	1.342677e+10
9.52	1.445908e+10	1.333592e+10
9.56	1.434040e+10	1.325428e+10
9.60	1.423201e+10	1.318125e+10
9.64	1.413322e+10	1.311630e+10
9.68	1.404342e+10	1.305894e+10
9.72	1.396202e+10	1.300870e+10
9.76	1.388850e+10	1.296514e+10
9.80	1.382236e+10	1.292786e+10
9.84	1.376316e+10	1.289649e+10
9.88	1.371048e+10	1.287067e+10
9.92	1.366395e+10	1.285009e+10
9.96	1.362323e+10	1.283446e+10
10.00	1.358801e+10	1.282351e+10
10.04	1.355801e+10	1.281700e+10
10.08	1.353299e+10	1.281472e+10
10.12	1.351272e+10	1.281648e+10
10.16	1.349700e+10	1.282210e+10
10.20	1.348564e+10	1.283142e+10
10.24	1.347847e+10	1.284430e+10
10.28	1.347536e+10	1.286062e+10
10.32	1.347615e+10	1.288027e+10
10.36	1.348074e+10	1.290312e+10
10.40	1.348900e+10	1.292910e+10
10.44	1.350083e+10	1.295812e+10
10.48	1.351613e+10	1.299009e+10
10.52	1.353482e+10	1.302493e+10
10.56	1.355681e+10	1.306259e+10
10.60	1.358201e+10	1.310300e+10
10.64	1.361037e+10	1.314609e+10
10.68	1.364180e+10	1.319182e+10
10.72	1.367625e+10	1.324012e+10
10.76	1.371365e+10	1.329096e+10
10.80	1.375394e+10	1.334428e+10
10.84	1.379706e+10	1.340004e+10
10.88	1.384297e+10	1.345820e+10
10.92	1.389161e+10	1.351872e+10
10.96	1.394293e+10	1.358156e+10
11.00	1.399688e+10	1.364668e+10
11.04	1.405343e+10	1.371405e+10
11.08	1.411252e+10	1.378364e+10
11.12	1.417412e+10	1.385542e+10
11.16	1.423818e+10	1.392935e+10
11.20	1.430468e+10	1.400541e+10
11.24	1.437356e+10	1.408357e+10
11.28	1.444481e+10	1.416381e+10
11.32	1.451838e+10	1.424609e+10
11.36	1.459424e+10	1.433040e+10
11.40	1.467236e+10	1.441672e+10
11.44	1.475272e+10	1.450502e+10
11.48	1.483528e+10	1.459528e+10
11.52	1.492002e+10	1.468749e+10
11.56	1.500692e+10	1.478161e+10
11.60	1.509594e+10	1.487765e+10
11.64	1.518706e+10	1.497557e+10
11.68	1.528027e+10	1.507537e+10
11.72	1.537554e+10	1.517703e+10
11.76	1.547285e+10	1.528053e+10
11.80	1.557218e+10	1.538587e+10
11.84	1.567352e+10	1.549302e+10
11.88	1.577684e+10	1.560198e+10
11.92	1.588213e+10	1.571274e+10
11.96	1.598938e+10	1.582528e+10
12.00	1.609854e+10	1.593958e+10
12.04	1.620956e+10	1.605556e+10
12.08	1.632217e+10	1.617293e+10
12.12	1.643556e+10	1.629079e+10
12.16	1.654753e+10	1.640673e+10
12.20	1.665296e+10	1.651521e+10
12.24	1.674155e+10	1.660530e+10
12.28	1.679539e+10	1.665823e+10
12.32	1.678741e+10	1.664608e+10
12.36	1.668211e+10	1.653281e+10
12.40	1.643953e+10	1.627855e+10
12.44	1.602209e+10	1.584666e+10
12.48	1.540296e+10	1.521209e+10
12.52	1.457327e+10	1.436820e+10
12.56	1.354597e+10	1.333026e+10
12.60	1.235517e+10	1.213422e+10
12.64	1.105117e+10	1.083139e+10
12.68	9.692827e+09	9.480705e+09
12.72	8.339184e+09	8.140453e+09
12.76	7.042417e+09	6.861453e+09
12.80	5.843107e+09	5.682664e+09
12.84	4.768231e+09	4.629453e+09
12.88	3.831495e+09	3.714143e+09
12.92	3.035271e+09	2.938057e+09
12.96	2.373353e+09	2.294304e+09
13.00	1.833850e+09	1.770639e+09
13.04	1.401773e+09	1.351980e+09
13.08	1.061083e+09	1.022383e+09
13.12	7.961439e+08	7.664238e+08
13.16	5.926275e+08	5.700473e+08
13.20	4.379906e+08	4.209982e+08
13.24	3.216270e+08	3.089483e+08
13.28	2.348155e+08	2.254272e+08
13.32	1.705458e+08	1.636411e+08
13.36	1.232887e+08	1.182414e+08
13.40	8.875193e+07	8.508228e+07
13.44	6.364839e+07	6.099334e+07
13.48	4.549003e+07	4.357741e+07
13.52	3.241239e+07	3.103997e+07
13.56	2.303050e+07	2.204915e+07
13.60	1.632342e+07	1.562392e+07
13.64	1.154357e+07	1.104637e+07
13.68	8.146767e+06	7.794264e+06
13.72	5.738937e+06	5.489594e+06
13.76	4.036037e+06	3.860030e+06
13.80	2.834166e+06	2.710157e+06
13.84	1.987484e+06	1.900259e+06
13.88	1.392022e+06	1.330763e+06
13.92	9.738742e+05	9.309108e+05
13.96	6.806426e+05	6.505484e+05
14.00	4.752651e+05	4.542090e+05
14.04	3.315814e+05	3.168642e+05
14.08	2.311614e+05	2.208843e+05
14.12	1.610429e+05	1.538723e+05
14.16	1.121234e+05	1.071242e+05
14.20	7.801966e+04	7.453673e+04
14.24	5.426097e+04	5.183595e+04
14.28	3.771961e+04	3.603212e+04
14.32	2.620965e+04	2.503600e+04
14.36	1.820482e+04	1.738894e+04
14.40	1.264032e+04	1.207339e+04
14.44	8.773848e+03	8.380054e+03
14.48	6.088283e+03	5.814851e+03
14.52	4.223609e+03	4.033812e+03
14.56	2.929322e+03	2.797618e+03
14.60	2.031209e+03	1.939840e+03
14.64	1.408168e+03	1.344798e+03
14.68	9.760560e+02	9.321143e+02
14.72	6.764293e+02	6.459657e+02
14.76	4.687097e+02	4.475940e+02
14.80	3.247321e+02	3.100983e+02
14.84	2.249529e+02	2.148128e+02
14.88	1.558146e+02	1.487892e+02
14.92	1.079143e+02	1.030475e+02
14.96	7.473225e+01	7.136127e+01
15.00	5.174869e+01	4.941401e+01
15.04	3.583077e+01	3.421396e+01
15.08	2.480742e+01	2.368784e+01
15.12	1.717427e+01	1.639907e+01
15.16	1.188909e+01	1.135238e+01
15.20	8.229914e+00	7.858348e+00
15.24	5.696659e+00	5.439437e+00
15.28	3.942987e+00	3.764931e+00
15.32	2.729055e+00	2.605807e+00
15.36	1.888786e+00	1.803479e+00
15.40	1.307189e+00	1.248145e+00
15.44	9.046491e-01	8.637845e-01
15.48	6.260507e-01	5.977691e-01
15.52	4.332389e-01	4.136664e-01
15.56	2.998023e-01	2.862574e-01
15.60	2.074594e-01	1.980860e-01
15.64	1.435564e-01	1.370700e-01
15.68	9.933541e-02	9.484691e-02
15.72	6.873508e-02	6.562916e-02
15.76	4.756049e-02	4.541131e-02
15.80	3.290851e-02	3.142138e-02
15.84	2.277008e-02	2.174108e-02
15.88	1.575491e-02	1.504292e-02
15.92	1.090092e-02	1.040827e-02
15.96	7.542334e-03	7.201466e-03
16.00	5.218489e-03	4.982641e-03
