# Photo-pion interaction rate with the BPL, $\epsilon_0 = 4.0$ eV, $\alpha=3/2$, $\beta=-2.0$
# log10(gamma)	1/lambda_proton [1/Mpc]	1/lambda_neutron [1/Mpc]
6.00	8.166646e+09	8.118425e+09
6.04	8.954549e+09	8.901676e+09
6.08	9.818468e+09	9.760493e+09
6.12	1.076574e+10	1.070217e+10
6.16	1.180439e+10	1.173469e+10
6.20	1.294326e+10	1.286684e+10
6.24	1.419200e+10	1.410821e+10
6.28	1.556122e+10	1.546934e+10
6.32	1.706254e+10	1.696179e+10
6.36	1.870870e+10	1.859824e+10
6.40	2.051369e+10	2.039256e+10
6.44	2.249281e+10	2.236000e+10
6.48	2.466288e+10	2.451725e+10
6.52	2.704231e+10	2.688263e+10
6.56	2.965130e+10	2.947622e+10
6.60	3.251200e+10	3.232003e+10
6.64	3.564870e+10	3.543821e+10
6.68	3.908802e+10	3.885722e+10
6.72	4.285917e+10	4.260610e+10
6.76	4.699414e+10	4.671666e+10
6.80	5.152805e+10	5.122380e+10
6.84	5.649938e+10	5.616578e+10
6.88	6.195034e+10	6.158455e+10
6.92	6.792720e+10	6.752612e+10
6.96	7.448069e+10	7.404091e+10
7.00	8.166646e+10	8.118425e+10
7.04	8.954549e+10	8.901676e+10
7.08	9.818468e+10	9.760493e+10
7.12	1.076574e+11	1.070217e+11
7.16	1.180439e+11	1.173469e+11
7.20	1.294326e+11	1.286684e+11
7.24	1.419200e+11	1.410821e+11
7.28	1.556122e+11	1.546934e+11
7.32	1.706139e+11	1.696062e+11
7.36	1.869149e+11	1.858074e+11
7.40	2.043196e+11	2.030947e+11
7.44	2.225113e+11	2.211397e+11
7.48	2.410951e+11	2.395296e+11
7.52	2.595819e+11	2.577477e+11
7.56	2.773098e+11	2.750893e+11
7.60	2.933551e+11	2.905631e+11
7.64	3.065780e+11	3.029336e+11
7.68	3.161107e+11	3.112457e+11
7.72	3.219256e+11	3.154466e+11
7.76	3.246641e+11	3.162160e+11
7.80	3.251649e+11	3.144594e+11
7.84	3.242075e+11	3.110303e+11
7.88	3.223398e+11	3.065670e+11
7.92	3.198257e+11	3.014437e+11
7.96	3.167263e+11	2.958288e+11
8.00	3.129097e+11	2.896884e+11
8.04	3.082188e+11	2.829457e+11
8.08	3.027586e+11	2.757572e+11
8.12	2.967033e+11	2.683710e+11
8.16	2.901407e+11	2.609856e+11
8.20	2.832063e+11	2.537513e+11
8.24	2.761062e+11	2.467842e+11
8.28	2.690248e+11	2.401573e+11
8.32	2.620887e+11	2.338994e+11
8.36	2.553861e+11	2.280206e+11
8.40	2.489898e+11	2.225343e+11
8.44	2.429573e+11	2.174543e+11
8.48	2.373243e+11	2.127852e+11
8.52	2.321044e+11	2.085190e+11
8.56	2.272937e+11	2.046374e+11
8.60	2.228763e+11	2.011155e+11
8.64	2.188286e+11	1.979246e+11
8.68	2.151237e+11	1.950354e+11
8.72	2.117335e+11	1.924193e+11
8.76	2.086308e+11	1.900499e+11
8.80	2.057904e+11	1.879035e+11
8.84	2.031891e+11	1.859591e+11
8.88	2.008061e+11	1.841982e+11
8.92	1.986230e+11	1.826048e+11
8.96	1.966234e+11	1.811648e+11
9.00	1.947924e+11	1.798658e+11
9.04	1.931172e+11	1.786970e+11
9.08	1.915860e+11	1.776486e+11
9.12	1.901883e+11	1.767121e+11
9.16	1.889163e+11	1.758812e+11
9.20	1.877637e+11	1.751511e+11
9.24	1.867235e+11	1.745162e+11
9.28	1.857892e+11	1.739712e+11
9.32	1.849543e+11	1.735106e+11
9.36	1.842126e+11	1.731293e+11
9.40	1.835583e+11	1.728224e+11
9.44	1.829863e+11	1.725853e+11
9.48	1.824914e+11	1.724139e+11
9.52	1.820694e+11	1.723042e+11
9.56	1.817159e+11	1.722527e+11
9.60	1.814274e+11	1.722562e+11
9.64	1.812003e+11	1.723117e+11
9.68	1.810315e+11	1.724165e+11
9.72	1.809182e+11	1.725680e+11
9.76	1.808577e+11	1.727639e+11
9.80	1.808475e+11	1.730021e+11
9.84	1.808852e+11	1.732806e+11
9.88	1.809689e+11	1.735974e+11
9.92	1.810963e+11	1.739508e+11
9.96	1.812655e+11	1.743392e+11
10.00	1.814747e+11	1.747607e+11
10.04	1.817220e+11	1.752138e+11
10.08	1.820056e+11	1.756969e+11
10.12	1.823238e+11	1.762084e+11
10.16	1.826747e+11	1.767468e+11
10.20	1.830568e+11	1.773105e+11
10.24	1.834680e+11	1.778978e+11
10.28	1.839066e+11	1.785071e+11
10.32	1.843708e+11	1.791366e+11
10.36	1.848585e+11	1.797846e+11
10.40	1.853679e+11	1.804491e+11
10.44	1.858967e+11	1.811283e+11
10.48	1.864427e+11	1.818200e+11
10.52	1.870037e+11	1.825220e+11
10.56	1.875771e+11	1.832320e+11
10.60	1.881603e+11	1.839475e+11
10.64	1.887506e+11	1.846658e+11
10.68	1.893448e+11	1.853840e+11
10.72	1.899399e+11	1.860990e+11
10.76	1.905324e+11	1.868073e+11
10.80	1.911184e+11	1.875055e+11
10.84	1.916941e+11	1.881895e+11
10.88	1.922550e+11	1.888552e+11
10.92	1.927964e+11	1.894977e+11
10.96	1.933132e+11	1.901121e+11
11.00	1.937998e+11	1.906929e+11
11.04	1.942503e+11	1.912341e+11
11.08	1.946579e+11	1.917292e+11
11.12	1.950156e+11	1.921711e+11
11.16	1.953155e+11	1.925519e+11
11.20	1.955491e+11	1.928632e+11
11.24	1.957070e+11	1.930957e+11
11.28	1.957792e+11	1.932392e+11
11.32	1.957544e+11	1.932827e+11
11.36	1.956205e+11	1.932139e+11
11.40	1.953642e+11	1.930195e+11
11.44	1.949710e+11	1.926850e+11
11.48	1.944249e+11	1.921945e+11
11.52	1.937085e+11	1.915304e+11
11.56	1.928028e+11	1.906737e+11
11.60	1.916867e+11	1.896033e+11
11.64	1.903375e+11	1.882964e+11
11.68	1.887301e+11	1.867277e+11
11.72	1.868370e+11	1.848697e+11
11.76	1.846280e+11	1.826922e+11
11.80	1.820703e+11	1.801621e+11
11.84	1.791277e+11	1.772429e+11
11.88	1.757605e+11	1.738950e+11
11.92	1.719254e+11	1.700748e+11
11.96	1.675747e+11	1.657343e+11
12.00	1.626564e+11	1.608212e+11
12.04	1.571131e+11	1.552780e+11
12.08	1.508823e+11	1.490416e+11
12.12	1.438952e+11	1.420431e+11
12.16	1.360763e+11	1.342065e+11
12.20	1.273433e+11	1.254490e+11
12.24	1.176055e+11	1.156794e+11
12.28	1.067636e+11	1.047979e+11
12.32	9.470879e+10	9.269506e+10
12.36	8.132158e+10	7.925076e+10
12.40	6.647735e+10	6.440750e+10
12.44	5.280484e+10	5.116070e+10
12.48	4.194437e+10	4.063839e+10
12.52	3.331760e+10	3.228022e+10
12.56	2.646511e+10	2.564109e+10
12.60	2.102199e+10	2.036744e+10
12.64	1.669836e+10	1.617843e+10
12.68	1.326398e+10	1.285099e+10
12.72	1.053595e+10	1.020790e+10
12.76	8.369003e+09	8.108424e+09
12.80	6.647735e+09	6.440750e+09
12.84	5.280484e+09	5.116070e+09
12.88	4.194437e+09	4.063839e+09
12.92	3.331760e+09	3.228022e+09
12.96	2.646511e+09	2.564109e+09
13.00	2.102199e+09	2.036744e+09
13.04	1.669836e+09	1.617843e+09
13.08	1.326398e+09	1.285099e+09
13.12	1.053595e+09	1.020790e+09
13.16	8.369003e+08	8.108424e+08
13.20	6.647735e+08	6.440750e+08
13.24	5.280484e+08	5.116070e+08
13.28	4.194437e+08	4.063839e+08
13.32	3.331760e+08	3.228022e+08
13.36	2.646511e+08	2.564109e+08
13.40	2.102199e+08	2.036744e+08
13.44	1.669836e+08	1.617843e+08
13.48	1.326398e+08	1.285099e+08
13.52	1.053595e+08	1.020790e+08
13.56	8.369003e+07	8.108424e+07
13.60	6.647735e+07	6.440750e+07
13.64	5.280484e+07	5.116070e+07
13.68	4.194437e+07	4.063839e+07
13.72	3.331760e+07	3.228022e+07
13.76	2.646511e+07	2.564109e+07
13.80	2.102199e+07	2.036744e+07
13.84	1.669836e+07	1.617843e+07
13.88	1.326398e+07	1.285099e+07
13.92	1.053595e+07	1.020790e+07
13.96	8.369003e+06	8.108424e+06
14.00	6.647735e+06	6.440750e+06
14.04	5.280484e+06	5.116070e+06
14.08	4.194437e+06	4.063839e+06
14.12	3.331760e+06	3.228022e+06
14.16	2.646511e+06	2.564109e+06
14.20	2.102199e+06	2.036744e+06
14.24	1.669836e+06	1.617843e+06
14.28	1.326398e+06	1.285099e+06
14.32	1.053595e+06	1.020790e+06
14.36	8.369003e+05	8.108424e+05
14.40	6.647735e+05	6.440750e+05
14.44	5.280484e+05	5.116070e+05
14.48	4.194437e+05	4.063839e+05
14.52	3.331760e+05	3.228022e+05
14.56	2.646511e+05	2.564109e+05
14.60	2.102199e+05	2.036744e+05
14.64	1.669836e+05	1.617843e+05
14.68	1.326398e+05	1.285099e+05
14.72	1.053595e+05	1.020790e+05
14.76	8.369003e+04	8.108424e+04
14.80	6.647735e+04	6.440750e+04
14.84	5.280484e+04	5.116070e+04
14.88	4.194437e+04	4.063839e+04
14.92	3.331760e+04	3.228022e+04
14.96	2.646511e+04	2.564109e+04
15.00	2.102199e+04	2.036744e+04
15.04	1.669836e+04	1.617843e+04
15.08	1.326398e+04	1.285099e+04
15.12	1.053595e+04	1.020790e+04
15.16	8.369003e+03	8.108424e+03
15.20	6.647735e+03	6.440750e+03
15.24	5.280484e+03	5.116070e+03
15.28	4.194437e+03	4.063839e+03
15.32	3.331760e+03	3.228022e+03
15.36	2.646511e+03	2.564109e+03
15.40	2.102199e+03	2.036744e+03
15.44	1.669836e+03	1.617843e+03
15.48	1.326398e+03	1.285099e+03
15.52	1.053595e+03	1.020790e+03
15.56	8.369003e+02	8.108424e+02
15.60	6.647735e+02	6.440750e+02
15.64	5.280484e+02	5.116070e+02
15.68	4.194437e+02	4.063839e+02
15.72	3.331760e+02	3.228022e+02
15.76	2.646511e+02	2.564109e+02
15.80	2.102199e+02	2.036744e+02
15.84	1.669836e+02	1.617843e+02
15.88	1.326398e+02	1.285099e+02
15.92	1.053595e+02	1.020790e+02
15.96	8.369003e+01	8.108424e+01
16.00	6.647735e+01	6.440750e+01
