# Photo-pion interaction rate with the MBB, $T=500$ K, $\sigma=1$
# log10(gamma)	1/lambda_proton [1/Mpc]	1/lambda_neutron [1/Mpc]
6.00	0.000000e+00	0.000000e+00
6.04	0.000000e+00	0.000000e+00
6.08	0.000000e+00	0.000000e+00
6.12	0.000000e+00	0.000000e+00
6.16	0.000000e+00	0.000000e+00
6.20	0.000000e+00	0.000000e+00
6.24	0.000000e+00	0.000000e+00
6.28	0.000000e+00	0.000000e+00
6.32	0.000000e+00	0.000000e+00
6.36	0.000000e+00	0.000000e+00
6.40	1.760711e-295	1.688343e-293
6.44	1.009539e-268	5.216139e-267
6.48	2.486552e-244	7.348046e-243
6.52	4.270795e-222	7.611817e-221
6.56	7.937325e-202	8.974394e-201
6.60	2.383773e-183	1.795206e-182
6.64	1.668056e-166	8.774059e-166
6.68	3.797158e-151	1.461284e-150
6.72	3.811604e-137	1.122538e-136
6.76	2.225634e-124	5.235368e-124
6.80	9.726779e-113	1.901315e-112
6.84	4.001634e-102	6.734341e-102
6.88	1.909165e-92	2.852155e-92
6.92	1.277067e-83	1.737647e-83
6.96	1.423616e-75	1.801613e-75
7.00	3.095634e-68	3.705313e-68
7.04	1.515680e-61	1.738735e-61
7.08	1.904603e-55	2.115721e-55
7.12	6.921370e-50	7.504680e-50
7.16	8.111055e-45	8.636819e-45
7.20	3.385511e-40	3.556751e-40
7.24	5.510799e-36	5.732189e-36
7.28	3.799949e-32	3.923783e-32
7.32	1.196993e-28	1.229405e-28
7.36	1.845260e-25	1.887873e-25
7.40	1.482354e-22	1.512340e-22
7.44	6.571377e-20	6.690888e-20
7.48	1.693822e-17	1.722190e-17
7.52	2.662502e-15	2.704444e-15
7.56	2.665687e-13	2.705897e-13
7.60	1.768698e-11	1.794622e-11
7.64	8.063809e-10	8.180000e-10
7.68	2.610994e-08	2.648320e-08
7.72	6.187722e-07	6.276117e-07
7.76	1.103186e-05	1.119024e-05
7.80	1.517223e-04	1.539210e-04
7.84	1.646908e-03	1.671089e-03
7.88	1.440720e-02	1.462220e-02
7.92	1.035289e-01	1.051037e-01
7.96	6.218442e-01	6.315119e-01
8.00	3.172153e+00	3.222695e+00
8.04	1.394459e+01	1.417294e+01
8.08	5.353416e+01	5.443788e+01
8.12	1.816956e+02	1.848682e+02
8.16	5.513519e+02	5.613462e+02
8.20	1.511390e+03	1.539946e+03
8.24	3.778531e+03	3.853268e+03
8.28	8.691047e+03	8.871822e+03
8.32	1.853996e+04	1.894732e+04
8.36	3.694885e+04	3.780994e+04
8.40	6.924543e+04	7.096281e+04
8.44	1.227401e+05	1.259866e+05
8.48	2.068011e+05	2.126377e+05
8.52	3.325989e+05	3.426033e+05
8.56	5.124054e+05	5.287831e+05
8.60	7.583877e+05	7.840255e+05
8.64	1.080959e+06	1.119373e+06
8.68	1.486902e+06	1.542040e+06
8.72	1.977638e+06	2.053512e+06
8.76	2.548056e+06	2.648221e+06
8.80	3.186275e+06	3.313199e+06
8.84	3.874486e+06	4.028899e+06
8.88	4.590763e+06	4.771073e+06
8.92	5.311474e+06	5.513344e+06
8.96	6.013798e+06	6.229957e+06
9.00	6.677838e+06	6.898159e+06
9.04	7.288001e+06	7.499859e+06
9.08	7.833527e+06	8.022411e+06
9.12	8.308249e+06	8.458581e+06
9.16	8.709827e+06	8.805935e+06
9.20	9.038763e+06	9.065925e+06
9.24	9.297429e+06	9.242895e+06
9.28	9.489299e+06	9.343190e+06
9.32	9.618435e+06	9.374425e+06
9.36	9.689231e+06	9.344928e+06
9.40	9.706325e+06	9.263316e+06
9.44	9.674613e+06	9.138180e+06
9.48	9.599281e+06	8.977840e+06
9.52	9.485805e+06	8.790154e+06
9.56	9.339904e+06	8.582379e+06
9.60	9.167430e+06	8.361071e+06
9.64	8.974226e+06	8.132023e+06
9.68	8.765957e+06	7.900236e+06
9.72	8.547952e+06	7.669924e+06
9.76	8.325056e+06	7.444531e+06
9.80	8.101525e+06	7.226776e+06
9.84	7.880959e+06	7.018702e+06
9.88	7.666277e+06	6.821747e+06
9.92	7.459730e+06	6.636816e+06
9.96	7.262943e+06	6.464361e+06
10.00	7.076987e+06	6.304460e+06
10.04	6.902454e+06	6.156898e+06
10.08	6.739544e+06	6.021236e+06
10.12	6.588151e+06	5.896883e+06
10.16	6.447940e+06	5.783144e+06
10.20	6.318414e+06	5.679276e+06
10.24	6.198977e+06	5.584520e+06
10.28	6.088980e+06	5.498134e+06
10.32	5.987757e+06	5.419411e+06
10.36	5.894655e+06	5.347696e+06
10.40	5.809052e+06	5.282390e+06
10.44	5.730368e+06	5.222954e+06
10.48	5.658067e+06	5.168909e+06
10.52	5.591662e+06	5.119827e+06
10.56	5.530712e+06	5.075329e+06
10.60	5.474815e+06	5.035075e+06
10.64	5.423609e+06	4.998764e+06
10.68	5.376763e+06	4.966120e+06
10.72	5.333973e+06	4.936895e+06
10.76	5.294965e+06	4.910862e+06
10.80	5.259484e+06	4.887810e+06
10.84	5.227300e+06	4.867548e+06
10.88	5.198198e+06	4.849899e+06
10.92	5.171983e+06	4.834701e+06
10.96	5.148479e+06	4.821803e+06
11.00	5.127522e+06	4.811069e+06
11.04	5.108963e+06	4.802373e+06
11.08	5.092670e+06	4.795602e+06
11.12	5.078518e+06	4.790652e+06
11.16	5.066399e+06	4.787428e+06
11.20	5.056211e+06	4.785844e+06
11.24	5.047865e+06	4.785825e+06
11.28	5.041277e+06	4.787300e+06
11.32	5.036375e+06	4.790205e+06
11.36	5.033091e+06	4.794484e+06
11.40	5.031363e+06	4.800085e+06
11.44	5.031136e+06	4.806960e+06
11.48	5.032359e+06	4.815067e+06
11.52	5.034986e+06	4.824367e+06
11.56	5.038973e+06	4.834824e+06
11.60	5.044283e+06	4.846406e+06
11.64	5.050877e+06	4.859082e+06
11.68	5.058722e+06	4.872824e+06
11.72	5.067788e+06	4.887607e+06
11.76	5.078043e+06	4.903407e+06
11.80	5.089461e+06	4.920201e+06
11.84	5.102016e+06	4.937968e+06
11.88	5.115683e+06	4.956690e+06
11.92	5.130439e+06	4.976347e+06
11.96	5.146262e+06	4.996922e+06
12.00	5.163132e+06	5.018399e+06
12.04	5.181027e+06	5.040763e+06
12.08	5.199931e+06	5.063998e+06
12.12	5.219824e+06	5.088090e+06
12.16	5.240689e+06	5.113028e+06
12.20	5.262510e+06	5.138796e+06
12.24	5.285271e+06	5.165385e+06
12.28	5.308957e+06	5.192782e+06
12.32	5.333554e+06	5.220977e+06
12.36	5.359047e+06	5.249958e+06
12.40	5.385425e+06	5.279717e+06
12.44	5.412673e+06	5.310244e+06
12.48	5.440781e+06	5.341529e+06
12.52	5.469735e+06	5.373565e+06
12.56	5.499526e+06	5.406344e+06
12.60	5.530143e+06	5.439856e+06
12.64	5.561576e+06	5.474096e+06
12.68	5.593814e+06	5.509055e+06
12.72	5.626849e+06	5.544728e+06
12.76	5.660671e+06	5.581108e+06
12.80	5.695273e+06	5.618188e+06
12.84	5.730647e+06	5.655964e+06
12.88	5.766784e+06	5.694431e+06
12.92	5.803678e+06	5.733582e+06
12.96	5.841321e+06	5.773413e+06
13.00	5.879706e+06	5.813919e+06
13.04	5.918823e+06	5.855091e+06
13.08	5.958647e+06	5.896903e+06
13.12	5.999106e+06	5.939276e+06
13.16	6.039991e+06	5.981980e+06
13.20	6.080761e+06	6.024426e+06
13.24	6.120199e+06	6.065303e+06
13.28	6.155905e+06	6.102066e+06
13.32	6.183722e+06	6.130355e+06
13.36	6.197278e+06	6.143586e+06
13.40	6.187950e+06	6.132959e+06
13.44	6.145434e+06	6.088110e+06
13.48	6.059016e+06	5.998431e+06
13.52	5.919304e+06	5.854833e+06
13.56	5.720050e+06	5.651528e+06
13.60	5.459555e+06	5.387365e+06
13.64	5.141309e+06	5.066366e+06
13.68	4.773714e+06	4.697355e+06
13.72	4.368995e+06	4.292809e+06
13.76	3.941623e+06	3.867252e+06
13.80	3.506588e+06	3.435551e+06
13.84	3.077878e+06	3.011434e+06
13.88	2.667359e+06	2.606429e+06
13.92	2.284139e+06	2.229285e+06
13.96	1.934389e+06	1.885833e+06
14.00	1.621510e+06	1.579187e+06
14.04	1.346541e+06	1.310163e+06
14.08	1.108660e+06	1.077785e+06
14.12	9.057179e+05	8.798085e+05
14.16	7.347118e+05	7.131898e+05
14.20	5.921900e+05	5.744751e+05
14.24	4.745606e+05	4.600982e+05
14.28	3.783138e+05	3.665928e+05
14.32	3.001674e+05	2.907303e+05
14.36	2.371515e+05	2.295976e+05
14.40	1.866464e+05	1.806317e+05
14.44	1.463887e+05	1.416222e+05
14.48	1.144555e+05	1.106940e+05
14.52	8.923580e+04	8.627869e+04
14.56	6.939581e+04	6.707898e+04
14.60	5.384261e+04	5.203299e+04
14.64	4.168825e+04	4.027869e+04
14.68	3.221680e+04	3.112160e+04
14.72	2.485480e+04	2.400575e+04
14.76	1.914553e+04	1.848864e+04
14.80	1.472708e+04	1.421979e+04
14.84	1.131399e+04	1.092287e+04
14.88	8.681910e+03	8.380811e+03
14.92	6.655216e+03	6.423731e+03
14.96	5.096807e+03	4.919059e+03
15.00	3.899970e+03	3.763635e+03
15.04	2.981850e+03	2.877384e+03
15.08	2.278257e+03	2.198284e+03
15.12	1.739563e+03	1.678390e+03
15.16	1.327466e+03	1.280710e+03
15.20	1.012455e+03	9.767419e+02
15.24	7.718238e+02	7.445622e+02
15.28	5.881248e+02	5.673265e+02
15.32	4.479680e+02	4.321087e+02
15.36	3.410879e+02	3.290004e+02
15.40	2.596222e+02	2.504132e+02
15.44	1.975541e+02	1.905410e+02
15.48	1.502835e+02	1.449444e+02
15.52	1.142951e+02	1.102318e+02
15.56	8.690505e+01	8.381356e+01
15.60	6.606514e+01	6.371366e+01
15.64	5.021317e+01	4.842499e+01
15.68	3.815822e+01	3.679870e+01
15.72	2.899282e+01	2.795940e+01
15.76	2.202575e+01	2.124036e+01
15.80	1.673071e+01	1.613392e+01
15.84	1.270710e+01	1.225369e+01
15.88	9.650098e+00	9.305661e+00
15.92	7.327807e+00	7.066188e+00
15.96	5.563875e+00	5.365183e+00
16.00	4.224206e+00	4.073321e+00
