# Photo-pion interaction rate with the BB, $T=450$ K
# log10(gamma)	1/lambda_proton [1/Mpc]	1/lambda_neutron [1/Mpc]
6.00	0.000000e+00	0.000000e+00
6.04	0.000000e+00	0.000000e+00
6.08	0.000000e+00	0.000000e+00
6.12	0.000000e+00	0.000000e+00
6.16	0.000000e+00	0.000000e+00
6.20	0.000000e+00	0.000000e+00
6.24	0.000000e+00	0.000000e+00
6.28	0.000000e+00	0.000000e+00
6.32	0.000000e+00	0.000000e+00
6.36	0.000000e+00	0.000000e+00
6.40	0.000000e+00	0.000000e+00
6.44	0.000000e+00	7.908186e-301
6.48	1.096782e-275	6.231343e-274
6.52	6.290845e-251	2.027978e-249
6.56	2.353873e-228	4.542137e-227
6.60	8.967558e-208	1.089763e-206
6.64	5.222165e-189	4.196766e-188
6.68	6.735145e-172	3.753730e-171
6.72	2.698008e-156	1.092387e-155
6.76	4.568955e-142	1.405889e-141
6.80	4.331105e-129	1.057387e-128
6.84	2.967297e-117	5.982549e-117
6.88	1.853776e-106	3.199805e-106
6.92	1.304719e-96	1.989476e-96
6.96	1.253988e-87	1.734379e-87
7.00	1.960872e-79	2.513869e-79
7.04	5.851571e-72	7.075733e-72
7.08	3.854048e-65	4.456592e-65
7.12	6.396968e-59	7.150250e-59
7.16	3.019798e-53	3.290070e-53
7.20	4.527484e-48	4.838876e-48
7.24	2.384189e-43	2.511938e-43
7.28	4.834216e-39	5.039431e-39
7.32	4.104038e-35	4.244863e-35
7.36	1.574712e-31	1.619408e-31
7.40	2.928090e-28	2.998593e-28
7.44	2.811839e-25	2.870799e-25
7.48	1.477816e-22	1.505508e-22
7.52	4.481891e-20	4.558777e-20
7.56	8.231503e-18	8.363600e-18
7.60	9.567484e-16	9.713784e-16
7.64	7.325876e-14	7.434259e-14
7.68	3.833308e-12	3.888856e-12
7.72	1.417266e-10	1.437578e-10
7.76	3.817047e-09	3.871564e-09
7.80	7.699722e-08	7.809971e-08
7.84	1.193181e-06	1.210389e-06
7.88	1.453674e-05	1.474872e-05
7.92	1.422076e-04	1.443111e-04
7.96	1.138776e-03	1.155909e-03
8.00	7.597093e-03	7.713652e-03
8.04	4.290646e-02	4.357943e-02
8.08	2.081777e-01	2.115242e-01
8.12	8.794434e-01	8.939703e-01
8.16	3.274735e+00	3.330477e+00
8.20	1.086992e+01	1.106118e+01
8.24	3.249702e+01	3.309006e+01
8.28	8.833787e+01	9.001594e+01
8.32	2.202523e+02	2.246243e+02
8.36	5.077322e+02	5.183060e+02
8.40	1.090086e+03	1.113996e+03
8.44	2.194195e+03	2.245060e+03
8.48	4.165426e+03	4.267764e+03
8.52	7.497184e+03	7.692741e+03
8.56	1.285235e+04	1.320843e+04
8.60	2.106794e+04	2.168729e+04
8.64	3.313359e+04	3.416458e+04
8.68	5.013629e+04	5.178119e+04
8.72	7.316906e+04	7.568737e+04
8.76	1.032094e+05	1.069131e+05
8.80	1.409835e+05	1.462212e+05
8.84	1.868400e+05	1.939692e+05
8.88	2.406582e+05	2.500060e+05
8.92	3.018138e+05	3.136291e+05
8.96	3.692097e+05	3.836123e+05
9.00	4.413680e+05	4.582999e+05
9.04	5.165653e+05	5.357514e+05
9.08	5.929846e+05	6.139076e+05
9.12	6.688584e+05	6.907518e+05
9.16	7.425814e+05	7.644432e+05
9.20	8.127836e+05	8.334106e+05
9.24	8.783619e+05	8.964031e+05
9.28	9.384782e+05	9.525045e+05
9.32	9.925366e+05	1.001120e+06
9.36	1.040149e+06	1.041948e+06
9.40	1.081102e+06	1.074939e+06
9.44	1.115326e+06	1.100258e+06
9.48	1.142875e+06	1.118241e+06
9.52	1.163908e+06	1.129362e+06
9.56	1.178680e+06	1.134193e+06
9.60	1.187531e+06	1.133374e+06
9.64	1.190875e+06	1.127586e+06
9.68	1.189189e+06	1.117522e+06
9.72	1.182999e+06	1.103871e+06
9.76	1.172863e+06	1.087298e+06
9.80	1.159357e+06	1.068432e+06
9.84	1.143054e+06	1.047851e+06
9.88	1.124515e+06	1.026082e+06
9.92	1.104268e+06	1.003591e+06
9.96	1.082803e+06	9.807822e+05
10.00	1.060560e+06	9.579996e+05
10.04	1.037929e+06	9.355284e+05
10.08	1.015242e+06	9.135979e+05
10.12	9.927789e+05	8.923871e+05
10.16	9.707656e+05	8.720293e+05
10.20	9.493810e+05	8.526183e+05
10.24	9.287603e+05	8.342141e+05
10.28	9.090011e+05	8.168486e+05
10.32	8.901684e+05	8.005309e+05
10.36	8.723003e+05	7.852524e+05
10.40	8.554131e+05	7.709909e+05
10.44	8.395062e+05	7.577145e+05
10.48	8.245656e+05	7.453848e+05
10.52	8.105678e+05	7.339592e+05
10.56	7.974824e+05	7.233929e+05
10.60	7.852745e+05	7.136407e+05
10.64	7.739061e+05	7.046576e+05
10.68	7.633381e+05	6.963996e+05
10.72	7.535304e+05	6.888244e+05
10.76	7.444435e+05	6.818915e+05
10.80	7.360384e+05	6.755622e+05
10.84	7.282771e+05	6.697999e+05
10.88	7.211232e+05	6.645700e+05
10.92	7.145415e+05	6.598400e+05
10.96	7.084989e+05	6.555791e+05
11.00	7.029636e+05	6.517586e+05
11.04	6.979059e+05	6.483516e+05
11.08	6.932977e+05	6.453331e+05
11.12	6.891128e+05	6.426796e+05
11.16	6.853268e+05	6.403696e+05
11.20	6.819169e+05	6.383829e+05
11.24	6.788620e+05	6.367010e+05
11.28	6.761427e+05	6.353068e+05
11.32	6.737409e+05	6.341845e+05
11.36	6.716402e+05	6.333198e+05
11.40	6.698253e+05	6.326993e+05
11.44	6.682822e+05	6.323110e+05
11.48	6.669980e+05	6.321436e+05
11.52	6.659611e+05	6.321871e+05
11.56	6.651607e+05	6.324322e+05
11.60	6.645868e+05	6.328703e+05
11.64	6.642303e+05	6.334937e+05
11.68	6.640830e+05	6.342952e+05
11.72	6.641371e+05	6.352684e+05
11.76	6.643856e+05	6.364072e+05
11.80	6.648220e+05	6.377061e+05
11.84	6.654403e+05	6.391602e+05
11.88	6.662348e+05	6.407646e+05
11.92	6.672004e+05	6.425152e+05
11.96	6.683324e+05	6.444080e+05
12.00	6.696262e+05	6.464392e+05
12.04	6.710776e+05	6.486054e+05
12.08	6.726828e+05	6.509035e+05
12.12	6.744381e+05	6.533305e+05
12.16	6.763401e+05	6.558837e+05
12.20	6.783854e+05	6.585603e+05
12.24	6.805712e+05	6.613580e+05
12.28	6.828944e+05	6.642744e+05
12.32	6.853523e+05	6.673075e+05
12.36	6.879424e+05	6.704552e+05
12.40	6.906622e+05	6.737156e+05
12.44	6.935093e+05	6.770868e+05
12.48	6.964816e+05	6.805672e+05
12.52	6.995769e+05	6.841551e+05
12.56	7.027933e+05	6.878490e+05
12.60	7.061288e+05	6.916474e+05
12.64	7.095816e+05	6.955490e+05
12.68	7.131499e+05	6.995525e+05
12.72	7.168321e+05	7.036565e+05
12.76	7.206267e+05	7.078600e+05
12.80	7.245320e+05	7.121617e+05
12.84	7.285467e+05	7.165607e+05
12.88	7.326694e+05	7.210559e+05
12.92	7.368987e+05	7.256464e+05
12.96	7.412334e+05	7.303312e+05
13.00	7.456724e+05	7.351095e+05
13.04	7.502144e+05	7.399805e+05
13.08	7.548584e+05	7.449433e+05
13.12	7.596030e+05	7.499969e+05
13.16	7.644462e+05	7.551394e+05
13.20	7.693829e+05	7.603656e+05
13.24	7.744006e+05	7.656616e+05
13.28	7.794676e+05	7.709935e+05
13.32	7.845138e+05	7.762858e+05
13.36	7.893994e+05	7.813901e+05
13.40	7.938766e+05	7.860458e+05
13.44	7.975502e+05	7.898425e+05
13.48	7.998540e+05	7.921983e+05
13.52	8.000561e+05	7.923693e+05
13.56	7.973046e+05	7.894998e+05
13.60	7.907135e+05	7.827111e+05
13.64	7.794752e+05	7.712152e+05
13.68	7.629773e+05	7.544300e+05
13.72	7.408988e+05	7.320710e+05
13.76	7.132648e+05	7.042014e+05
13.80	6.804528e+05	6.712319e+05
13.84	6.431497e+05	6.338745e+05
13.88	6.022762e+05	5.930640e+05
13.92	5.588912e+05	5.498621e+05
13.96	5.140961e+05	5.053635e+05
14.00	4.689507e+05	4.606133e+05
14.04	4.244090e+05	4.165463e+05
14.08	3.812774e+05	3.739475e+05
14.12	3.401948e+05	3.334341e+05
14.16	3.016296e+05	2.954548e+05
14.20	2.658908e+05	2.603015e+05
14.24	2.331466e+05	2.281283e+05
14.28	2.034475e+05	1.989750e+05
14.32	1.767504e+05	1.727908e+05
14.36	1.529422e+05	1.494577e+05
14.40	1.318597e+05	1.288099e+05
14.44	1.133083e+05	1.106520e+05
14.48	9.707538e+04	9.477193e+04
14.52	8.294227e+04	8.095272e+04
14.56	7.069234e+04	6.898005e+04
14.60	6.011717e+04	5.864824e+04
14.64	5.102054e+04	4.976403e+04
14.68	4.322091e+04	4.214892e+04
14.72	3.655270e+04	3.564029e+04
14.76	3.086661e+04	3.009168e+04
14.80	2.602933e+04	2.537244e+04
14.84	2.192284e+04	2.136698e+04
14.88	1.844336e+04	1.797374e+04
14.92	1.550023e+04	1.510403e+04
14.96	1.301462e+04	1.268079e+04
15.00	1.091836e+04	1.063742e+04
15.04	9.152697e+03	8.916517e+03
15.08	7.667207e+03	7.468848e+03
15.12	6.418732e+03	6.252282e+03
15.16	5.370445e+03	5.230881e+03
15.20	4.490997e+03	4.374063e+03
15.24	3.753769e+03	3.655858e+03
15.28	3.136196e+03	3.054263e+03
15.32	2.619189e+03	2.550663e+03
15.36	2.186622e+03	2.129338e+03
15.40	1.824895e+03	1.777030e+03
15.44	1.522553e+03	1.482574e+03
15.48	1.269955e+03	1.236576e+03
15.52	1.059002e+03	1.031142e+03
15.56	8.828910e+02	8.596452e+02
15.60	7.359154e+02	7.165249e+02
15.64	6.132920e+02	5.971215e+02
15.68	5.110137e+02	4.975315e+02
15.72	4.257259e+02	4.144876e+02
15.76	3.546223e+02	3.452561e+02
15.80	2.953560e+02	2.875515e+02
15.84	2.459656e+02	2.394635e+02
15.88	2.048125e+02	1.993961e+02
15.92	1.705281e+02	1.660167e+02
15.96	1.419700e+02	1.382129e+02
16.00	1.181849e+02	1.150563e+02
