# Photo-pion interaction rate with the MBB, $T=8000$ K, $\sigma=1$
# log10(gamma)	1/lambda_proton [1/Mpc]	1/lambda_neutron [1/Mpc]
6.00	3.926730e-36	4.120518e-36
6.04	5.829024e-32	6.057969e-32
6.08	3.695305e-28	3.813317e-28
6.12	1.078112e-24	1.106795e-24
6.16	1.549729e-21	1.584989e-21
6.20	1.168009e-18	1.191351e-18
6.24	4.885192e-16	4.973193e-16
6.28	1.194114e-13	1.213968e-13
6.32	1.788326e-11	1.816351e-11
6.36	1.713143e-09	1.738892e-09
6.40	1.091823e-07	1.107789e-07
6.44	4.798335e-06	4.867391e-06
6.48	1.502490e-04	1.523961e-04
6.52	3.453603e-03	3.502953e-03
6.56	5.988175e-02	6.074208e-02
6.60	8.029063e-01	8.145557e-01
6.64	8.515846e+00	8.641074e+00
6.68	7.294055e+01	7.403107e+01
6.72	5.141545e+02	5.219920e+02
6.76	3.034569e+03	3.081860e+03
6.80	1.523459e+04	1.547798e+04
6.84	6.600309e+04	6.708714e+04
6.88	2.500575e+05	2.542928e+05
6.92	8.385442e+05	8.532400e+05
6.96	2.516884e+06	2.562693e+06
7.00	6.831332e+06	6.960988e+06
7.04	1.692596e+07	1.726242e+07
7.08	3.861690e+07	3.942453e+07
7.12	8.177682e+07	8.358421e+07
7.16	1.618998e+08	1.656966e+08
7.20	3.016021e+08	3.091315e+08
7.24	5.317000e+08	5.458576e+08
7.28	8.914016e+08	9.167275e+08
7.32	1.427094e+09	1.470296e+09
7.36	2.189260e+09	2.259656e+09
7.40	3.227335e+09	3.337033e+09
7.44	4.582796e+09	4.746431e+09
7.48	6.281470e+09	6.515319e+09
7.52	8.326586e+09	8.646997e+09
7.56	1.069433e+10	1.111552e+10
7.60	1.333329e+10	1.386477e+10
7.64	1.616840e+10	1.681228e+10
7.68	1.910863e+10	1.985730e+10
7.72	2.205708e+10	2.289155e+10
7.76	2.492115e+10	2.581040e+10
7.80	2.762095e+10	2.852235e+10
7.84	3.009460e+10	3.095553e+10
7.88	3.230008e+10	3.306047e+10
7.92	3.421389e+10	3.480971e+10
7.96	3.582785e+10	3.619511e+10
8.00	3.714498e+10	3.722401e+10
8.04	3.817559e+10	3.791522e+10
8.08	3.893422e+10	3.829539e+10
8.12	3.943770e+10	3.839610e+10
8.16	3.970413e+10	3.825165e+10
8.20	3.975261e+10	3.789739e+10
8.24	3.960332e+10	3.736844e+10
8.28	3.927761e+10	3.669870e+10
8.32	3.879803e+10	3.592013e+10
8.36	3.818810e+10	3.506219e+10
8.40	3.747180e+10	3.415141e+10
8.44	3.667303e+10	3.321118e+10
8.48	3.581488e+10	3.226166e+10
8.52	3.491898e+10	3.131977e+10
8.56	3.400497e+10	3.039932e+10
8.60	3.309001e+10	2.951114e+10
8.64	3.218855e+10	2.866333e+10
8.68	3.131226e+10	2.786154e+10
8.72	3.047009e+10	2.710927e+10
8.76	2.966846e+10	2.640819e+10
8.80	2.891152e+10	2.575850e+10
8.84	2.820152e+10	2.515920e+10
8.88	2.753914e+10	2.460843e+10
8.92	2.692383e+10	2.410369e+10
8.96	2.635413e+10	2.364212e+10
9.00	2.582797e+10	2.322067e+10
9.04	2.534286e+10	2.283622e+10
9.08	2.489614e+10	2.248574e+10
9.12	2.448508e+10	2.216637e+10
9.16	2.410702e+10	2.187544e+10
9.20	2.375941e+10	2.161052e+10
9.24	2.343991e+10	2.136943e+10
9.28	2.314634e+10	2.115023e+10
9.32	2.287673e+10	2.095120e+10
9.36	2.262928e+10	2.077078e+10
9.40	2.240238e+10	2.060762e+10
9.44	2.219454e+10	2.046049e+10
9.48	2.200442e+10	2.032827e+10
9.52	2.183080e+10	2.020995e+10
9.56	2.167256e+10	2.010461e+10
9.60	2.152866e+10	2.001141e+10
9.64	2.139817e+10	1.992955e+10
9.68	2.128022e+10	1.985832e+10
9.72	2.117403e+10	1.979707e+10
9.76	2.107886e+10	1.974518e+10
9.80	2.099406e+10	1.970209e+10
9.84	2.091902e+10	1.966731e+10
9.88	2.085321e+10	1.964036e+10
9.92	2.079612e+10	1.962083e+10
9.96	2.074731e+10	1.960833e+10
10.00	2.070638e+10	1.960252e+10
10.04	2.067295e+10	1.960308e+10
10.08	2.064669e+10	1.960974e+10
10.12	2.062731e+10	1.962223e+10
10.16	2.061452e+10	1.964032e+10
10.20	2.060809e+10	1.966381e+10
10.24	2.060778e+10	1.969250e+10
10.28	2.061339e+10	1.972622e+10
10.32	2.062473e+10	1.976480e+10
10.36	2.064163e+10	1.980812e+10
10.40	2.066392e+10	1.985602e+10
10.44	2.069147e+10	1.990840e+10
10.48	2.072412e+10	1.996513e+10
10.52	2.076176e+10	2.002611e+10
10.56	2.080426e+10	2.009125e+10
10.60	2.085152e+10	2.016045e+10
10.64	2.090342e+10	2.023364e+10
10.68	2.095986e+10	2.031072e+10
10.72	2.102075e+10	2.039162e+10
10.76	2.108601e+10	2.047628e+10
10.80	2.115554e+10	2.056463e+10
10.84	2.122927e+10	2.065660e+10
10.88	2.130712e+10	2.075214e+10
10.92	2.138902e+10	2.085118e+10
10.96	2.147489e+10	2.095368e+10
11.00	2.156467e+10	2.105957e+10
11.04	2.165829e+10	2.116882e+10
11.08	2.175569e+10	2.128138e+10
11.12	2.185682e+10	2.139720e+10
11.16	2.196162e+10	2.151624e+10
11.20	2.207003e+10	2.163846e+10
11.24	2.218201e+10	2.176381e+10
11.28	2.229749e+10	2.189228e+10
11.32	2.241645e+10	2.202381e+10
11.36	2.253882e+10	2.215838e+10
11.40	2.266457e+10	2.229596e+10
11.44	2.279366e+10	2.243651e+10
11.48	2.292605e+10	2.258001e+10
11.52	2.306169e+10	2.272642e+10
11.56	2.320056e+10	2.287573e+10
11.60	2.334262e+10	2.302791e+10
11.64	2.348783e+10	2.318293e+10
11.68	2.363617e+10	2.334078e+10
11.72	2.378760e+10	2.350143e+10
11.76	2.394210e+10	2.366486e+10
11.80	2.409964e+10	2.383106e+10
11.84	2.426017e+10	2.399997e+10
11.88	2.442357e+10	2.417149e+10
11.92	2.458953e+10	2.434525e+10
11.96	2.475708e+10	2.452021e+10
12.00	2.492381e+10	2.469372e+10
12.04	2.508433e+10	2.486001e+10
12.08	2.522818e+10	2.500798e+10
12.12	2.533747e+10	2.511891e+10
12.16	2.538512e+10	2.516484e+10
12.20	2.533494e+10	2.510891e+10
12.24	2.514427e+10	2.490825e+10
12.28	2.476943e+10	2.451973e+10
12.32	2.417296e+10	2.390717e+10
12.36	2.333094e+10	2.304862e+10
12.40	2.223857e+10	2.194151e+10
12.44	2.091231e+10	2.060447e+10
12.48	1.938845e+10	1.907545e+10
12.52	1.771834e+10	1.740674e+10
12.56	1.596178e+10	1.565829e+10
12.60	1.418001e+10	1.389077e+10
12.64	1.242962e+10	1.215965e+10
12.68	1.075814e+10	1.051105e+10
12.72	9.201623e+09	8.979577e+09
12.76	7.784136e+09	7.587910e+09
12.80	6.518529e+09	6.347751e+09
12.84	5.408167e+09	5.261578e+09
12.88	4.449030e+09	4.324766e+09
12.92	3.631863e+09	3.527699e+09
12.96	2.944111e+09	2.857672e+09
13.00	2.371523e+09	2.300438e+09
13.04	1.899387e+09	1.841398e+09
13.08	1.513397e+09	1.466434e+09
13.12	1.200231e+09	1.162443e+09
13.16	9.478668e+08	9.176369e+08
13.20	7.457250e+08	7.216672e+08
13.24	5.846828e+08	5.656259e+08
13.28	4.570012e+08	4.419687e+08
13.32	3.562052e+08	3.443917e+08
13.36	2.769405e+08	2.676880e+08
13.40	2.148235e+08	2.075987e+08
13.44	1.662957e+08	1.606697e+08
13.48	1.284902e+08	1.241200e+08
13.52	9.911190e+07	9.572460e+07
13.56	7.633390e+07	7.371374e+07
13.60	5.870941e+07	5.668631e+07
13.64	4.509754e+07	4.353800e+07
13.68	3.460220e+07	3.340178e+07
13.72	2.652201e+07	2.559925e+07
13.76	2.030965e+07	1.960118e+07
13.80	1.553922e+07	1.499587e+07
13.84	1.188011e+07	1.146382e+07
13.88	9.076270e+06	8.757607e+06
13.92	6.929749e+06	6.686019e+06
13.96	5.287812e+06	5.101534e+06
14.00	4.032792e+06	3.890519e+06
14.04	3.074169e+06	2.965572e+06
14.08	2.342396e+06	2.259550e+06
14.12	1.784107e+06	1.720938e+06
14.16	1.358391e+06	1.310247e+06
14.20	1.033918e+06	9.972411e+05
14.24	7.867153e+05	7.587848e+05
14.28	5.984543e+05	5.771917e+05
14.32	4.551314e+05	4.389499e+05
14.36	3.460545e+05	3.337435e+05
14.40	2.630650e+05	2.537011e+05
14.44	1.999403e+05	1.928197e+05
14.48	1.519370e+05	1.465234e+05
14.52	1.154408e+05	1.113258e+05
14.56	8.769874e+04	8.457148e+04
14.60	6.661492e+04	6.423865e+04
14.64	5.059395e+04	4.878860e+04
14.68	3.842193e+04	3.705051e+04
14.72	2.917543e+04	2.813378e+04
14.76	2.215220e+04	2.136110e+04
14.80	1.681826e+04	1.621752e+04
14.84	1.276771e+04	1.231156e+04
14.88	9.692057e+03	9.345726e+03
14.92	7.356853e+03	7.093923e+03
14.96	5.583980e+03	5.384381e+03
15.00	4.238122e+03	4.086610e+03
15.04	3.216495e+03	3.101491e+03
15.08	2.441034e+03	2.353746e+03
15.12	1.852456e+03	1.786207e+03
15.16	1.405745e+03	1.355468e+03
15.20	1.066722e+03	1.028567e+03
15.24	8.094376e+02	7.804826e+02
15.28	6.141915e+02	5.922191e+02
15.32	4.660297e+02	4.493566e+02
15.36	3.536012e+02	3.409497e+02
15.40	2.682903e+02	2.586906e+02
15.44	2.035581e+02	1.962742e+02
15.48	1.544416e+02	1.489150e+02
15.52	1.171746e+02	1.129814e+02
15.56	8.889895e+01	8.571750e+01
15.60	6.744570e+01	6.503192e+01
15.64	5.116898e+01	4.933766e+01
15.68	3.881992e+01	3.743053e+01
15.72	2.945089e+01	2.839679e+01
15.76	2.234283e+01	2.154313e+01
15.80	1.695019e+01	1.634349e+01
15.84	1.285901e+01	1.239874e+01
15.88	9.755239e+00	9.406054e+00
15.92	7.400575e+00	7.135670e+00
15.96	5.614235e+00	5.413269e+00
16.00	4.259058e+00	4.106599e+00
