# Photo-pion interaction rate with the MBB, $T=400$ K, $\sigma=2$
# log10(gamma)	1/lambda_proton [1/Mpc]	1/lambda_neutron [1/Mpc]
6.00	0.000000e+00	0.000000e+00
6.04	0.000000e+00	0.000000e+00
6.08	0.000000e+00	0.000000e+00
6.12	0.000000e+00	0.000000e+00
6.16	0.000000e+00	0.000000e+00
6.20	0.000000e+00	0.000000e+00
6.24	0.000000e+00	0.000000e+00
6.28	0.000000e+00	0.000000e+00
6.32	0.000000e+00	0.000000e+00
6.36	0.000000e+00	0.000000e+00
6.40	0.000000e+00	0.000000e+00
6.44	0.000000e+00	0.000000e+00
6.48	0.000000e+00	0.000000e+00
6.52	2.361560e-277	1.555808e-275
6.56	4.990728e-252	1.837031e-250
6.60	6.033052e-229	1.310207e-227
6.64	6.586351e-208	8.885737e-207
6.68	9.851969e-189	8.675845e-188
6.72	2.953871e-171	1.781547e-170
6.76	2.511721e-155	1.087419e-154
6.80	8.311254e-141	2.703877e-140
6.84	1.427719e-127	3.647044e-127
6.88	1.655128e-115	3.459218e-115
6.92	1.643934e-104	2.918001e-104
6.96	1.738129e-94	2.707293e-94
7.00	2.383407e-85	3.349182e-85
7.04	5.073496e-77	6.580391e-77
7.08	1.974786e-69	2.408008e-69
7.12	1.631721e-62	1.898042e-62
7.16	3.279313e-56	3.680562e-56
7.20	1.814845e-50	1.982777e-50
7.24	3.097418e-45	3.316500e-45
7.28	1.807763e-40	1.906820e-40
7.32	3.964711e-36	4.135848e-36
7.36	3.560984e-32	3.684541e-32
7.40	1.416779e-28	1.457233e-28
7.44	2.682277e-25	2.746960e-25
7.48	2.579544e-22	2.633527e-22
7.52	1.337518e-19	1.362472e-19
7.56	3.948054e-17	4.015395e-17
7.60	6.971587e-15	7.082780e-15
7.64	7.705405e-13	7.822549e-13
7.68	5.555228e-11	5.637013e-11
7.72	2.712736e-09	2.751905e-09
7.76	9.286182e-08	9.418998e-08
7.80	2.299373e-06	2.332204e-06
7.84	4.237918e-05	4.298695e-05
7.88	5.967748e-04	6.054129e-04
7.92	6.575655e-03	6.672101e-03
7.96	5.794215e-02	5.880623e-02
8.00	4.165009e-01	4.228355e-01
8.04	2.487132e+00	2.525824e+00
8.08	1.254486e+01	1.274507e+01
8.12	5.426637e+01	5.515765e+01
8.16	2.041543e+02	2.076166e+02
8.20	6.765826e+02	6.884744e+02
8.24	1.998692e+03	2.035252e+03
8.28	5.320634e+03	5.422379e+03
8.32	1.289252e+04	1.315153e+04
8.36	2.870065e+04	2.930951e+04
8.40	5.919886e+04	6.053165e+04
8.44	1.140112e+05	1.167474e+05
8.48	2.064316e+05	2.117310e+05
8.52	3.535056e+05	3.632303e+05
8.56	5.754486e+05	5.924099e+05
8.60	8.941659e+05	9.223402e+05
8.64	1.330740e+06	1.375370e+06
8.68	1.902004e+06	1.969477e+06
8.72	2.616681e+06	2.714102e+06
8.76	3.471949e+06	3.606359e+06
8.80	4.451444e+06	4.628728e+06
8.84	5.525514e+06	5.749136e+06
8.88	6.654013e+06	6.923760e+06
8.92	7.791172e+06	8.102136e+06
8.96	8.891470e+06	9.233452e+06
9.00	9.915155e+06	1.027261e+07
9.04	1.083222e+07	1.118478e+07
9.08	1.162416e+07	1.194766e+07
9.12	1.228351e+07	1.255146e+07
9.16	1.281178e+07	1.299710e+07
9.20	1.321643e+07	1.329338e+07
9.24	1.350803e+07	1.345411e+07
9.28	1.369792e+07	1.349560e+07
9.32	1.379681e+07	1.343495e+07
9.36	1.381425e+07	1.328893e+07
9.40	1.375870e+07	1.307346e+07
9.44	1.363800e+07	1.280332e+07
9.48	1.345983e+07	1.249206e+07
9.52	1.323213e+07	1.215190e+07
9.56	1.296320e+07	1.179368e+07
9.60	1.266171e+07	1.142682e+07
9.64	1.233645e+07	1.105933e+07
9.68	1.199600e+07	1.069783e+07
9.72	1.164843e+07	1.034761e+07
9.76	1.130099e+07	1.001273e+07
9.80	1.095990e+07	9.696136e+06
9.84	1.063018e+07	9.399754e+06
9.88	1.031564e+07	9.124639e+06
9.92	1.001893e+07	8.871101e+06
9.96	9.741626e+06	8.638839e+06
10.00	9.484416e+06	8.427079e+06
10.04	9.247250e+06	8.234708e+06
10.08	9.029528e+06	8.060387e+06
10.12	8.830265e+06	7.902657e+06
10.16	8.648233e+06	7.760027e+06
10.20	8.482080e+06	7.631031e+06
10.24	8.330423e+06	7.514283e+06
10.28	8.191915e+06	7.408507e+06
10.32	8.065293e+06	7.312558e+06
10.36	7.949404e+06	7.225426e+06
10.40	7.843225e+06	7.146239e+06
10.44	7.745855e+06	7.074252e+06
10.48	7.656517e+06	7.008837e+06
10.52	7.574539e+06	6.949460e+06
10.56	7.499339e+06	6.895666e+06
10.60	7.430411e+06	6.847063e+06
10.64	7.367308e+06	6.803306e+06
10.68	7.309630e+06	6.764085e+06
10.72	7.257014e+06	6.729115e+06
10.76	7.209128e+06	6.698134e+06
10.80	7.165667e+06	6.670897e+06
10.84	7.126351e+06	6.647176e+06
10.88	7.090919e+06	6.626755e+06
10.92	7.059132e+06	6.609437e+06
10.96	7.030773e+06	6.595037e+06
11.00	7.005640e+06	6.583385e+06
11.04	6.983554e+06	6.574327e+06
11.08	6.964349e+06	6.567722e+06
11.12	6.947878e+06	6.563443e+06
11.16	6.934006e+06	6.561373e+06
11.20	6.922612e+06	6.561411e+06
11.24	6.913589e+06	6.563461e+06
11.28	6.906838e+06	6.567442e+06
11.32	6.902271e+06	6.573276e+06
11.36	6.899808e+06	6.580896e+06
11.40	6.899378e+06	6.590241e+06
11.44	6.900913e+06	6.601255e+06
11.48	6.904353e+06	6.613886e+06
11.52	6.909644e+06	6.628090e+06
11.56	6.916733e+06	6.643822e+06
11.60	6.925574e+06	6.661045e+06
11.64	6.936122e+06	6.679722e+06
11.68	6.948336e+06	6.699819e+06
11.72	6.962177e+06	6.721305e+06
11.76	6.977609e+06	6.744150e+06
11.80	6.994598e+06	6.768327e+06
11.84	7.013111e+06	6.793811e+06
11.88	7.033116e+06	6.820577e+06
11.92	7.054586e+06	6.848601e+06
11.96	7.077491e+06	6.877862e+06
12.00	7.101806e+06	6.908339e+06
12.04	7.127504e+06	6.940012e+06
12.08	7.154561e+06	6.972862e+06
12.12	7.182954e+06	7.006872e+06
12.16	7.212661e+06	7.042024e+06
12.20	7.243660e+06	7.078303e+06
12.24	7.275930e+06	7.115691e+06
12.28	7.309451e+06	7.154175e+06
12.32	7.344206e+06	7.193740e+06
12.36	7.380175e+06	7.234373e+06
12.40	7.417341e+06	7.276061e+06
12.44	7.455688e+06	7.318792e+06
12.48	7.495200e+06	7.362554e+06
12.52	7.535861e+06	7.407335e+06
12.56	7.577657e+06	7.453126e+06
12.60	7.620575e+06	7.499915e+06
12.64	7.664599e+06	7.547693e+06
12.68	7.709719e+06	7.596451e+06
12.72	7.755921e+06	7.646181e+06
12.76	7.803195e+06	7.696873e+06
12.80	7.851528e+06	7.748520e+06
12.84	7.900910e+06	7.801115e+06
12.88	7.951332e+06	7.854650e+06
12.92	8.002783e+06	7.909119e+06
12.96	8.055255e+06	7.964517e+06
13.00	8.108739e+06	8.020837e+06
13.04	8.163227e+06	8.078073e+06
13.08	8.218707e+06	8.136217e+06
13.12	8.275156e+06	8.195243e+06
13.16	8.332494e+06	8.255065e+06
13.20	8.390463e+06	8.315395e+06
13.24	8.448311e+06	8.375401e+06
13.28	8.504168e+06	8.433054e+06
13.32	8.554038e+06	8.484076e+06
13.36	8.590538e+06	8.520686e+06
13.40	8.601826e+06	8.530593e+06
13.44	8.571409e+06	8.496935e+06
13.48	8.479433e+06	8.399751e+06
13.52	8.305642e+06	8.219075e+06
13.56	8.033460e+06	7.939068e+06
13.60	7.654091e+06	7.552011e+06
13.64	7.169346e+06	7.060916e+06
13.68	6.592303e+06	6.479929e+06
13.72	5.945636e+06	5.832439e+06
13.76	5.258150e+06	5.147496e+06
13.80	4.560533e+06	4.455566e+06
13.84	3.881360e+06	3.784640e+06
13.88	3.244123e+06	3.157417e+06
13.92	2.665619e+06	2.589853e+06
13.96	2.155656e+06	2.090987e+06
14.00	1.717743e+06	1.663718e+06
14.04	1.350378e+06	1.306112e+06
14.08	1.048528e+06	1.012887e+06
14.12	8.050434e+05	7.767949e+05
14.16	6.118321e+05	5.897557e+05
14.20	4.607287e+05	4.436917e+05
14.24	3.440732e+05	3.310722e+05
14.28	2.550395e+05	2.452175e+05
14.32	1.877763e+05	1.804221e+05
14.36	1.374185e+05	1.319559e+05
14.40	1.000197e+05	9.599100e+04
14.44	7.244371e+04	6.949138e+04
14.48	5.224014e+04	5.008889e+04
14.52	3.752219e+04	3.596263e+04
14.56	2.685494e+04	2.572947e+04
14.60	1.915870e+04	1.834981e+04
14.64	1.362861e+04	1.304938e+04
14.68	9.669507e+03	9.256101e+03
14.72	6.844394e+03	6.550209e+03
14.76	4.834403e+03	4.625614e+03
14.80	3.408136e+03	3.260310e+03
14.84	2.398486e+03	2.294049e+03
14.88	1.685294e+03	1.611655e+03
14.92	1.182489e+03	1.130657e+03
14.96	8.286282e+02	7.922033e+02
15.00	5.799839e+02	5.544233e+02
15.04	4.055208e+02	3.876074e+02
15.08	2.832658e+02	2.707264e+02
15.12	1.976958e+02	1.889276e+02
15.16	1.378662e+02	1.317410e+02
15.20	9.607421e+01	9.179910e+01
15.24	6.690724e+01	6.392576e+01
15.28	4.656745e+01	4.448966e+01
15.32	3.239353e+01	3.094647e+01
15.36	2.252276e+01	2.151557e+01
15.40	1.565280e+01	1.495215e+01
15.44	1.087393e+01	1.038677e+01
15.48	7.551297e+00	7.212718e+00
15.52	5.242168e+00	5.006954e+00
15.56	3.638045e+00	3.474699e+00
15.60	2.524088e+00	2.410690e+00
15.64	1.750779e+00	1.672080e+00
15.68	1.214111e+00	1.159508e+00
15.72	8.417715e-01	8.038970e-01
15.76	5.835086e-01	5.572435e-01
15.80	4.044127e-01	3.862023e-01
15.84	2.802422e-01	2.676188e-01
15.88	1.941689e-01	1.854199e-01
15.92	1.345144e-01	1.284516e-01
15.96	9.317633e-02	8.897564e-02
16.00	6.453497e-02	6.162484e-02
