# Photo-pion interaction rate with the BB, $T=2000$ K
# log10(gamma)	1/lambda_proton [1/Mpc]	1/lambda_neutron [1/Mpc]
6.00	1.350908e-183	1.006973e-182
6.04	8.616232e-167	4.495109e-166
6.08	1.817028e-151	6.948347e-151
6.12	1.714827e-137	5.026636e-137
6.16	9.541282e-125	2.237077e-124
6.20	4.022192e-113	7.845745e-113
6.24	1.613948e-102	2.712871e-102
6.28	7.586378e-93	1.132766e-92
6.32	5.045766e-84	6.865277e-84
6.36	5.639649e-76	7.139064e-76
6.40	1.238940e-68	1.483644e-68
6.44	6.170867e-62	7.083051e-62
6.48	7.937875e-56	8.823129e-56
6.52	2.969783e-50	3.222008e-50
6.56	3.601515e-45	3.837148e-45
6.60	1.562925e-40	1.642829e-40
6.64	2.656264e-36	2.764248e-36
6.68	1.919710e-32	1.983064e-32
6.72	6.359823e-29	6.534271e-29
6.76	1.034307e-25	1.058497e-25
6.80	8.789935e-23	8.969881e-23
6.84	4.132436e-20	4.208407e-20
6.88	1.132108e-17	1.151247e-17
6.92	1.895065e-15	1.925150e-15
6.96	2.023937e-13	2.054653e-13
7.00	1.434626e-11	1.455746e-11
7.04	6.996398e-10	7.097493e-10
7.08	2.425811e-08	2.460535e-08
7.12	6.161490e-07	6.249498e-07
7.16	1.178198e-05	1.195086e-05
7.20	1.738885e-04	1.764012e-04
7.24	2.026335e-03	2.055959e-03
7.28	1.903452e-02	1.931695e-02
7.32	1.468856e-01	1.491036e-01
7.36	9.473783e-01	9.619734e-01
7.40	5.188286e+00	5.270038e+00
7.44	2.447600e+01	2.487146e+01
7.48	1.007856e+02	1.024598e+02
7.52	3.666399e+02	3.729198e+02
7.56	1.191434e+03	1.212542e+03
7.60	3.493816e+03	3.558057e+03
7.64	9.332139e+03	9.510888e+03
7.68	2.289997e+04	2.335868e+04
7.72	5.203223e+04	5.312655e+04
7.76	1.102572e+05	1.127013e+05
7.80	2.193097e+05	2.244507e+05
7.84	4.118586e+05	4.220955e+05
7.88	7.340154e+05	7.533886e+05
7.92	1.246991e+06	1.281947e+06
7.96	2.027121e+06	2.087394e+06
8.00	3.163439e+06	3.262932e+06
8.04	4.752204e+06	4.909651e+06
8.08	6.888293e+06	7.127438e+06
8.12	9.654156e+06	1.000315e+07
8.16	1.310788e+07	1.359772e+07
8.20	1.727249e+07	1.793434e+07
8.24	2.212885e+07	2.299042e+07
8.28	2.761363e+07	2.869491e+07
8.32	3.362319e+07	3.493196e+07
8.36	4.002256e+07	4.155025e+07
8.40	4.665778e+07	4.837621e+07
8.44	5.336926e+07	5.522873e+07
8.48	6.000393e+07	6.193296e+07
8.52	6.642451e+07	6.833139e+07
8.56	7.251520e+07	7.429134e+07
8.60	7.818378e+07	7.970873e+07
8.64	8.336104e+07	8.450878e+07
8.68	8.799847e+07	8.864455e+07
8.72	9.206523e+07	9.209411e+07
8.76	9.554522e+07	9.485714e+07
8.80	9.843460e+07	9.695130e+07
8.84	1.007400e+08	9.840879e+07
8.88	1.024771e+08	9.927303e+07
8.92	1.036698e+08	9.959564e+07
8.96	1.043493e+08	9.943371e+07
9.00	1.045531e+08	9.884734e+07
9.04	1.043241e+08	9.789756e+07
9.08	1.037090e+08	9.664451e+07
9.12	1.027573e+08	9.514601e+07
9.16	1.015197e+08	9.345643e+07
9.20	1.000463e+08	9.162578e+07
9.24	9.838585e+07	8.969921e+07
9.28	9.658418e+07	8.771659e+07
9.32	9.468348e+07	8.571240e+07
9.36	9.272158e+07	8.371582e+07
9.40	9.073165e+07	8.175087e+07
9.44	8.874200e+07	7.983681e+07
9.48	8.677619e+07	7.798851e+07
9.52	8.485329e+07	7.621697e+07
9.56	8.298819e+07	7.452979e+07
9.60	8.119207e+07	7.293173e+07
9.64	7.947291e+07	7.142516e+07
9.68	7.783591e+07	7.001054e+07
9.72	7.628401e+07	6.868685e+07
9.76	7.481833e+07	6.745195e+07
9.80	7.343854e+07	6.630292e+07
9.84	7.214324e+07	6.523629e+07
9.88	7.093024e+07	6.424827e+07
9.92	6.979676e+07	6.333493e+07
9.96	6.873968e+07	6.249227e+07
10.00	6.775564e+07	6.171637e+07
10.04	6.684118e+07	6.100339e+07
10.08	6.599279e+07	6.034965e+07
10.12	6.520700e+07	5.975161e+07
10.16	6.448040e+07	5.920593e+07
10.20	6.380970e+07	5.870942e+07
10.24	6.319170e+07	5.825908e+07
10.28	6.262336e+07	5.785207e+07
10.32	6.210179e+07	5.748575e+07
10.36	6.162423e+07	5.715762e+07
10.40	6.118811e+07	5.686535e+07
10.44	6.079099e+07	5.660677e+07
10.48	6.043060e+07	5.637986e+07
10.52	6.010482e+07	5.618274e+07
10.56	5.981169e+07	5.601368e+07
10.60	5.954939e+07	5.587107e+07
10.64	5.931623e+07	5.575344e+07
10.68	5.911065e+07	5.565943e+07
10.72	5.893123e+07	5.558779e+07
10.76	5.877665e+07	5.553739e+07
10.80	5.864570e+07	5.550716e+07
10.84	5.853729e+07	5.549615e+07
10.88	5.845039e+07	5.550349e+07
10.92	5.838407e+07	5.552837e+07
10.96	5.833747e+07	5.557007e+07
11.00	5.830982e+07	5.562790e+07
11.04	5.830040e+07	5.570125e+07
11.08	5.830853e+07	5.578957e+07
11.12	5.833362e+07	5.589233e+07
11.16	5.837509e+07	5.600906e+07
11.20	5.843243e+07	5.613933e+07
11.24	5.850515e+07	5.628272e+07
11.28	5.859281e+07	5.643888e+07
11.32	5.869499e+07	5.660744e+07
11.36	5.881131e+07	5.678811e+07
11.40	5.894140e+07	5.698057e+07
11.44	5.908492e+07	5.718456e+07
11.48	5.924156e+07	5.739981e+07
11.52	5.941102e+07	5.762609e+07
11.56	5.959301e+07	5.786316e+07
11.60	5.978728e+07	5.811083e+07
11.64	5.999357e+07	5.836889e+07
11.68	6.021164e+07	5.863715e+07
11.72	6.044127e+07	5.891543e+07
11.76	6.068224e+07	5.920358e+07
11.80	6.093436e+07	5.950143e+07
11.84	6.119743e+07	5.980883e+07
11.88	6.147126e+07	6.012565e+07
11.92	6.175569e+07	6.045174e+07
11.96	6.205054e+07	6.078700e+07
12.00	6.235566e+07	6.113128e+07
12.04	6.267089e+07	6.148448e+07
12.08	6.299610e+07	6.184650e+07
12.12	6.333114e+07	6.221722e+07
12.16	6.367588e+07	6.259655e+07
12.20	6.403020e+07	6.298440e+07
12.24	6.439397e+07	6.338068e+07
12.28	6.476709e+07	6.378531e+07
12.32	6.514944e+07	6.419821e+07
12.36	6.554092e+07	6.461930e+07
12.40	6.594143e+07	6.504851e+07
12.44	6.635086e+07	6.548577e+07
12.48	6.676911e+07	6.593098e+07
12.52	6.719595e+07	6.638393e+07
12.56	6.763087e+07	6.684407e+07
12.60	6.807251e+07	6.730996e+07
12.64	6.851763e+07	6.777805e+07
12.68	6.895910e+07	6.824073e+07
12.72	6.938308e+07	6.868331e+07
12.76	6.976553e+07	6.908059e+07
12.80	7.006893e+07	6.939368e+07
12.84	7.024058e+07	6.956854e+07
12.88	7.021375e+07	6.953748e+07
12.92	6.991236e+07	6.922428e+07
12.96	6.925916e+07	6.855254e+07
13.00	6.818582e+07	6.745584e+07
13.04	6.664300e+07	6.588765e+07
13.08	6.460821e+07	6.382876e+07
13.12	6.208981e+07	6.129080e+07
13.16	5.912664e+07	5.831543e+07
13.20	5.578363e+07	5.496960e+07
13.24	5.214465e+07	5.133822e+07
13.28	4.830404e+07	4.751570e+07
13.32	4.435831e+07	4.359780e+07
13.36	4.039906e+07	3.967477e+07
13.40	3.650776e+07	3.582628e+07
13.44	3.275239e+07	3.211846e+07
13.48	2.918610e+07	2.860256e+07
13.52	2.584718e+07	2.531518e+07
13.56	2.276019e+07	2.227943e+07
13.60	1.993772e+07	1.950672e+07
13.64	1.738241e+07	1.699881e+07
13.68	1.508915e+07	1.474995e+07
13.72	1.304699e+07	1.274882e+07
13.76	1.124096e+07	1.098025e+07
13.80	9.653581e+06	9.426710e+06
13.84	8.266010e+06	8.069436e+06
13.88	7.059033e+06	6.889370e+06
13.92	6.013738e+06	5.867814e+06
13.96	5.112012e+06	4.986902e+06
14.00	4.336869e+06	4.229908e+06
14.04	3.672639e+06	3.581429e+06
14.08	3.105063e+06	3.027466e+06
14.12	2.621313e+06	2.555434e+06
14.16	2.209954e+06	2.154130e+06
14.20	1.860876e+06	1.813653e+06
14.24	1.565202e+06	1.525316e+06
14.28	1.315183e+06	1.281542e+06
14.32	1.104091e+06	1.075753e+06
14.36	9.261107e+05	9.022673e+05
14.40	7.762347e+05	7.561940e+05
14.44	6.501674e+05	6.333387e+05
14.48	5.442347e+05	5.301155e+05
14.52	4.553034e+05	4.434666e+05
14.56	3.807074e+05	3.707911e+05
14.60	3.181835e+05	3.098815e+05
14.64	2.658144e+05	2.588679e+05
14.68	2.219781e+05	2.161690e+05
14.72	1.853054e+05	1.804497e+05
14.76	1.546415e+05	1.505845e+05
14.80	1.290139e+05	1.256256e+05
14.84	1.076046e+05	1.047758e+05
14.88	8.972618e+04	8.736532e+04
14.92	7.480167e+04	7.283191e+04
14.96	6.234701e+04	6.070401e+04
15.00	5.195651e+04	5.058641e+04
15.04	4.329039e+04	4.214812e+04
15.08	3.606422e+04	3.511209e+04
15.12	3.004008e+04	2.924660e+04
15.16	2.501903e+04	2.435787e+04
15.20	2.083482e+04	2.028400e+04
15.24	1.734854e+04	1.688972e+04
15.28	1.444424e+04	1.406209e+04
15.32	1.202508e+04	1.170684e+04
15.36	1.001030e+04	9.745294e+03
15.40	8.332476e+03	8.111833e+03
15.44	6.935414e+03	6.751721e+03
15.48	5.772240e+03	5.619322e+03
15.52	4.803884e+03	4.676594e+03
15.56	3.997778e+03	3.891828e+03
15.60	3.326787e+03	3.238605e+03
15.64	2.768299e+03	2.694910e+03
15.68	2.303481e+03	2.242406e+03
15.72	1.916642e+03	1.865817e+03
15.76	1.594717e+03	1.552424e+03
15.80	1.326825e+03	1.291633e+03
15.84	1.103907e+03	1.074625e+03
15.88	9.184183e+02	8.940544e+02
15.92	7.640807e+02	7.438094e+02
15.96	6.356663e+02	6.188007e+02
16.00	5.288241e+02	5.147923e+02
