# Photo-pion interaction rate with the BB, $T=45$ K
# log10(gamma)	1/lambda_proton [1/Mpc]	1/lambda_neutron [1/Mpc]
6.00	0.000000e+00	0.000000e+00
6.04	0.000000e+00	0.000000e+00
6.08	0.000000e+00	0.000000e+00
6.12	0.000000e+00	0.000000e+00
6.16	0.000000e+00	0.000000e+00
6.20	0.000000e+00	0.000000e+00
6.24	0.000000e+00	0.000000e+00
6.28	0.000000e+00	0.000000e+00
6.32	0.000000e+00	0.000000e+00
6.36	0.000000e+00	0.000000e+00
6.40	0.000000e+00	0.000000e+00
6.44	0.000000e+00	0.000000e+00
6.48	0.000000e+00	0.000000e+00
6.52	0.000000e+00	0.000000e+00
6.56	0.000000e+00	0.000000e+00
6.60	0.000000e+00	0.000000e+00
6.64	0.000000e+00	0.000000e+00
6.68	0.000000e+00	0.000000e+00
6.72	0.000000e+00	0.000000e+00
6.76	0.000000e+00	0.000000e+00
6.80	0.000000e+00	0.000000e+00
6.84	0.000000e+00	0.000000e+00
6.88	0.000000e+00	0.000000e+00
6.92	0.000000e+00	0.000000e+00
6.96	0.000000e+00	0.000000e+00
7.00	0.000000e+00	0.000000e+00
7.04	0.000000e+00	0.000000e+00
7.08	0.000000e+00	0.000000e+00
7.12	0.000000e+00	0.000000e+00
7.16	0.000000e+00	0.000000e+00
7.20	0.000000e+00	0.000000e+00
7.24	0.000000e+00	0.000000e+00
7.28	0.000000e+00	0.000000e+00
7.32	0.000000e+00	0.000000e+00
7.36	0.000000e+00	0.000000e+00
7.40	0.000000e+00	0.000000e+00
7.44	0.000000e+00	7.908230e-304
7.48	1.096782e-278	6.231343e-277
7.52	6.290845e-254	2.027978e-252
7.56	2.353873e-231	4.542137e-230
7.60	8.967558e-211	1.089763e-209
7.64	5.222165e-192	4.196766e-191
7.68	6.735145e-175	3.753730e-174
7.72	2.698008e-159	1.092387e-158
7.76	4.568955e-145	1.405889e-144
7.80	4.331105e-132	1.057387e-131
7.84	2.967297e-120	5.982549e-120
7.88	1.853776e-109	3.199805e-109
7.92	1.304719e-99	1.989476e-99
7.96	1.253988e-90	1.734379e-90
8.00	1.960872e-82	2.513869e-82
8.04	5.851571e-75	7.075733e-75
8.08	3.854048e-68	4.456592e-68
8.12	6.396968e-62	7.150250e-62
8.16	3.019798e-56	3.290070e-56
8.20	4.527484e-51	4.838876e-51
8.24	2.384189e-46	2.511938e-46
8.28	4.834216e-42	5.039431e-42
8.32	4.104038e-38	4.244863e-38
8.36	1.574712e-34	1.619408e-34
8.40	2.928090e-31	2.998593e-31
8.44	2.811839e-28	2.870799e-28
8.48	1.477816e-25	1.505508e-25
8.52	4.481891e-23	4.558777e-23
8.56	8.231503e-21	8.363600e-21
8.60	9.567484e-19	9.713784e-19
8.64	7.325876e-17	7.434259e-17
8.68	3.833308e-15	3.888856e-15
8.72	1.417266e-13	1.437578e-13
8.76	3.817047e-12	3.871564e-12
8.80	7.699722e-11	7.809971e-11
8.84	1.193181e-09	1.210389e-09
8.88	1.453674e-08	1.474872e-08
8.92	1.422076e-07	1.443111e-07
8.96	1.138776e-06	1.155909e-06
9.00	7.597093e-06	7.713652e-06
9.04	4.290646e-05	4.357943e-05
9.08	2.081777e-04	2.115242e-04
9.12	8.794434e-04	8.939703e-04
9.16	3.274735e-03	3.330477e-03
9.20	1.086992e-02	1.106118e-02
9.24	3.249702e-02	3.309006e-02
9.28	8.833787e-02	9.001594e-02
9.32	2.202523e-01	2.246243e-01
9.36	5.077322e-01	5.183060e-01
9.40	1.090086e+00	1.113996e+00
9.44	2.194195e+00	2.245060e+00
9.48	4.165426e+00	4.267764e+00
9.52	7.497184e+00	7.692741e+00
9.56	1.285235e+01	1.320843e+01
9.60	2.106794e+01	2.168729e+01
9.64	3.313359e+01	3.416458e+01
9.68	5.013629e+01	5.178119e+01
9.72	7.316906e+01	7.568737e+01
9.76	1.032094e+02	1.069131e+02
9.80	1.409835e+02	1.462212e+02
9.84	1.868400e+02	1.939692e+02
9.88	2.406582e+02	2.500060e+02
9.92	3.018138e+02	3.136291e+02
9.96	3.692097e+02	3.836123e+02
10.00	4.413680e+02	4.582999e+02
10.04	5.165653e+02	5.357514e+02
10.08	5.929846e+02	6.139076e+02
10.12	6.688584e+02	6.907518e+02
10.16	7.425814e+02	7.644432e+02
10.20	8.127836e+02	8.334106e+02
10.24	8.783619e+02	8.964031e+02
10.28	9.384782e+02	9.525045e+02
10.32	9.925366e+02	1.001120e+03
10.36	1.040149e+03	1.041948e+03
10.40	1.081102e+03	1.074939e+03
10.44	1.115326e+03	1.100258e+03
10.48	1.142875e+03	1.118241e+03
10.52	1.163908e+03	1.129362e+03
10.56	1.178680e+03	1.134193e+03
10.60	1.187531e+03	1.133374e+03
10.64	1.190875e+03	1.127586e+03
10.68	1.189189e+03	1.117522e+03
10.72	1.182999e+03	1.103871e+03
10.76	1.172863e+03	1.087298e+03
10.80	1.159357e+03	1.068432e+03
10.84	1.143054e+03	1.047851e+03
10.88	1.124515e+03	1.026082e+03
10.92	1.104268e+03	1.003591e+03
10.96	1.082803e+03	9.807822e+02
11.00	1.060560e+03	9.579996e+02
11.04	1.037929e+03	9.355284e+02
11.08	1.015242e+03	9.135979e+02
11.12	9.927789e+02	8.923871e+02
11.16	9.707656e+02	8.720293e+02
11.20	9.493810e+02	8.526183e+02
11.24	9.287603e+02	8.342141e+02
11.28	9.090011e+02	8.168486e+02
11.32	8.901684e+02	8.005309e+02
11.36	8.723003e+02	7.852524e+02
11.40	8.554131e+02	7.709909e+02
11.44	8.395062e+02	7.577145e+02
11.48	8.245656e+02	7.453848e+02
11.52	8.105678e+02	7.339592e+02
11.56	7.974824e+02	7.233929e+02
11.60	7.852745e+02	7.136407e+02
11.64	7.739061e+02	7.046576e+02
11.68	7.633381e+02	6.963996e+02
11.72	7.535304e+02	6.888244e+02
11.76	7.444435e+02	6.818915e+02
11.80	7.360384e+02	6.755622e+02
11.84	7.282771e+02	6.697999e+02
11.88	7.211232e+02	6.645700e+02
11.92	7.145415e+02	6.598400e+02
11.96	7.084989e+02	6.555791e+02
12.00	7.029636e+02	6.517586e+02
12.04	6.979059e+02	6.483516e+02
12.08	6.932977e+02	6.453331e+02
12.12	6.891128e+02	6.426796e+02
12.16	6.853268e+02	6.403696e+02
12.20	6.819169e+02	6.383829e+02
12.24	6.788620e+02	6.367010e+02
12.28	6.761427e+02	6.353068e+02
12.32	6.737409e+02	6.341845e+02
12.36	6.716402e+02	6.333198e+02
12.40	6.698253e+02	6.326993e+02
12.44	6.682822e+02	6.323110e+02
12.48	6.669980e+02	6.321436e+02
12.52	6.659611e+02	6.321871e+02
12.56	6.651607e+02	6.324322e+02
12.60	6.645868e+02	6.328703e+02
12.64	6.642303e+02	6.334937e+02
12.68	6.640830e+02	6.342952e+02
12.72	6.641371e+02	6.352684e+02
12.76	6.643856e+02	6.364072e+02
12.80	6.648220e+02	6.377061e+02
12.84	6.654403e+02	6.391602e+02
12.88	6.662348e+02	6.407646e+02
12.92	6.672004e+02	6.425152e+02
12.96	6.683324e+02	6.444080e+02
13.00	6.696262e+02	6.464392e+02
13.04	6.710776e+02	6.486054e+02
13.08	6.726828e+02	6.509035e+02
13.12	6.744381e+02	6.533305e+02
13.16	6.763401e+02	6.558837e+02
13.20	6.783854e+02	6.585603e+02
13.24	6.805712e+02	6.613580e+02
13.28	6.828944e+02	6.642744e+02
13.32	6.853523e+02	6.673075e+02
13.36	6.879424e+02	6.704552e+02
13.40	6.906622e+02	6.737156e+02
13.44	6.935093e+02	6.770868e+02
13.48	6.964816e+02	6.805672e+02
13.52	6.995769e+02	6.841551e+02
13.56	7.027933e+02	6.878490e+02
13.60	7.061288e+02	6.916474e+02
13.64	7.095816e+02	6.955490e+02
13.68	7.131499e+02	6.995525e+02
13.72	7.168321e+02	7.036565e+02
13.76	7.206267e+02	7.078600e+02
13.80	7.245320e+02	7.121617e+02
13.84	7.285467e+02	7.165607e+02
13.88	7.326694e+02	7.210559e+02
13.92	7.368987e+02	7.256464e+02
13.96	7.412334e+02	7.303312e+02
14.00	7.456724e+02	7.351095e+02
14.04	7.502144e+02	7.399805e+02
14.08	7.548584e+02	7.449433e+02
14.12	7.596030e+02	7.499969e+02
14.16	7.644462e+02	7.551394e+02
14.20	7.693829e+02	7.603656e+02
14.24	7.744006e+02	7.656616e+02
14.28	7.794676e+02	7.709935e+02
14.32	7.845138e+02	7.762858e+02
14.36	7.893994e+02	7.813901e+02
14.40	7.938766e+02	7.860458e+02
14.44	7.975502e+02	7.898425e+02
14.48	7.998540e+02	7.921983e+02
14.52	8.000561e+02	7.923693e+02
14.56	7.973046e+02	7.894998e+02
14.60	7.907135e+02	7.827111e+02
14.64	7.794752e+02	7.712152e+02
14.68	7.629773e+02	7.544300e+02
14.72	7.408988e+02	7.320710e+02
14.76	7.132648e+02	7.042014e+02
14.80	6.804528e+02	6.712319e+02
14.84	6.431497e+02	6.338745e+02
14.88	6.022762e+02	5.930640e+02
14.92	5.588912e+02	5.498621e+02
14.96	5.140961e+02	5.053635e+02
15.00	4.689507e+02	4.606133e+02
15.04	4.244090e+02	4.165463e+02
15.08	3.812774e+02	3.739475e+02
15.12	3.401948e+02	3.334341e+02
15.16	3.016296e+02	2.954548e+02
15.20	2.658908e+02	2.603015e+02
15.24	2.331466e+02	2.281283e+02
15.28	2.034475e+02	1.989750e+02
15.32	1.767504e+02	1.727908e+02
15.36	1.529422e+02	1.494577e+02
15.40	1.318597e+02	1.288099e+02
15.44	1.133083e+02	1.106520e+02
15.48	9.707538e+01	9.477193e+01
15.52	8.294227e+01	8.095272e+01
15.56	7.069234e+01	6.898005e+01
15.60	6.011717e+01	5.864824e+01
15.64	5.102054e+01	4.976403e+01
15.68	4.322091e+01	4.214892e+01
15.72	3.655270e+01	3.564029e+01
15.76	3.086661e+01	3.009168e+01
15.80	2.602933e+01	2.537244e+01
15.84	2.192284e+01	2.136698e+01
15.88	1.844336e+01	1.797374e+01
15.92	1.550023e+01	1.510403e+01
15.96	1.301462e+01	1.268079e+01
16.00	1.091836e+01	1.063742e+01
