# Photo-pion interaction rate with the MBB, $T=450$ K, $\sigma=2$
# log10(gamma)	1/lambda_proton [1/Mpc]	1/lambda_neutron [1/Mpc]
6.00	0.000000e+00	0.000000e+00
6.04	0.000000e+00	0.000000e+00
6.08	0.000000e+00	0.000000e+00
6.12	0.000000e+00	0.000000e+00
6.16	0.000000e+00	0.000000e+00
6.20	0.000000e+00	0.000000e+00
6.24	0.000000e+00	0.000000e+00
6.28	0.000000e+00	0.000000e+00
6.32	0.000000e+00	0.000000e+00
6.36	0.000000e+00	0.000000e+00
6.40	0.000000e+00	0.000000e+00
6.44	0.000000e+00	5.678833e-295
6.48	6.686809e-270	3.724131e-268
6.52	3.190953e-245	1.008477e-243
6.56	9.934733e-223	1.879778e-221
6.60	3.149734e-202	3.754389e-201
6.64	1.526716e-183	1.204030e-182
6.68	1.639309e-166	8.972044e-166
6.72	5.468594e-151	2.176347e-150
6.76	7.714183e-137	2.335897e-136
6.80	6.093104e-124	1.465901e-123
6.84	3.479310e-112	6.923263e-112
6.88	1.812185e-101	3.092045e-101
6.92	1.063631e-91	1.605687e-91
6.96	8.527218e-83	1.169328e-82
7.00	1.112535e-74	1.415980e-74
7.04	2.770767e-67	3.330094e-67
7.08	1.523448e-60	1.752722e-60
7.12	2.111533e-54	2.350307e-54
7.16	8.326392e-49	9.040405e-49
7.20	1.043154e-43	1.111766e-43
7.24	4.592164e-39	4.827170e-39
7.28	7.787144e-35	8.102733e-35
7.32	5.531556e-31	5.712885e-31
7.36	1.776842e-27	1.825113e-27
7.40	2.767534e-24	2.831510e-24
7.44	2.227567e-21	2.272596e-21
7.48	9.819470e-19	9.997712e-19
7.52	2.499639e-16	2.541396e-16
7.56	3.856496e-14	3.917080e-14
7.60	3.768673e-12	3.825375e-12
7.64	2.428504e-10	2.464023e-10
7.68	1.070504e-08	1.085906e-08
7.72	3.337985e-07	3.385671e-07
7.76	7.591079e-06	7.699540e-06
7.80	1.294676e-04	1.313283e-04
7.84	1.698698e-03	1.723368e-03
7.88	1.754952e-02	1.780804e-02
7.92	1.458240e-01	1.480099e-01
7.96	9.936452e-01	1.008849e+00
8.00	5.651632e+00	5.740157e+00
8.04	2.727113e+01	2.770973e+01
8.08	1.133115e+02	1.151886e+02
8.12	4.109685e+02	4.180052e+02
8.16	1.317498e+03	1.340904e+03
8.20	3.776689e+03	3.846599e+03
8.24	9.784018e+03	9.973610e+03
8.28	2.313319e+04	2.360480e+04
8.32	5.037273e+04	5.145867e+04
8.36	1.018570e+05	1.041904e+05
8.40	1.926937e+05	1.974046e+05
8.44	3.433226e+05	3.523068e+05
8.48	5.794044e+05	5.956548e+05
8.52	9.306668e+05	9.586223e+05
8.56	1.428395e+06	1.474216e+06
8.60	2.101455e+06	2.173095e+06
8.64	2.971146e+06	3.078067e+06
8.68	4.045736e+06	4.198162e+06
8.72	5.315998e+06	5.523666e+06
8.76	6.753162e+06	7.023677e+06
8.80	8.310298e+06	8.647302e+06
8.84	9.927218e+06	1.032867e+07
8.88	1.153800e+07	1.199486e+07
8.92	1.307940e+07	1.357500e+07
8.96	1.449823e+07	1.500843e+07
9.00	1.575624e+07	1.625033e+07
9.04	1.683164e+07	1.727408e+07
9.08	1.771775e+07	1.807031e+07
9.12	1.841951e+07	1.864389e+07
9.16	1.894917e+07	1.900975e+07
9.20	1.932237e+07	1.918884e+07
9.24	1.955515e+07	1.920492e+07
9.28	1.966233e+07	1.908232e+07
9.32	1.965702e+07	1.884463e+07
9.36	1.955097e+07	1.851409e+07
9.40	1.935519e+07	1.811127e+07
9.44	1.908069e+07	1.765495e+07
9.48	1.873889e+07	1.716198e+07
9.52	1.834181e+07	1.664724e+07
9.56	1.790185e+07	1.612359e+07
9.60	1.743149e+07	1.560186e+07
9.64	1.694281e+07	1.509095e+07
9.68	1.644701e+07	1.459787e+07
9.72	1.595402e+07	1.412797e+07
9.76	1.547223e+07	1.368499e+07
9.80	1.500832e+07	1.327134e+07
9.84	1.456723e+07	1.288818e+07
9.88	1.415231e+07	1.253571e+07
9.92	1.376540e+07	1.221328e+07
9.96	1.340718e+07	1.191965e+07
10.00	1.307733e+07	1.165311e+07
10.04	1.277482e+07	1.141171e+07
10.08	1.249813e+07	1.119333e+07
10.12	1.224545e+07	1.099587e+07
10.16	1.201483e+07	1.081726e+07
10.20	1.180430e+07	1.065556e+07
10.24	1.161198e+07	1.050901e+07
10.28	1.143611e+07	1.037603e+07
10.32	1.127510e+07	1.025524e+07
10.36	1.112754e+07	1.014545e+07
10.40	1.099219e+07	1.004565e+07
10.44	1.086800e+07	9.954973e+06
10.48	1.075405e+07	9.872707e+06
10.52	1.064954e+07	9.798228e+06
10.56	1.055377e+07	9.730997e+06
10.60	1.046613e+07	9.670537e+06
10.64	1.038607e+07	9.616419e+06
10.68	1.031307e+07	9.568248e+06
10.72	1.024669e+07	9.525657e+06
10.76	1.018649e+07	9.488304e+06
10.80	1.013209e+07	9.455869e+06
10.84	1.008312e+07	9.428053e+06
10.88	1.003925e+07	9.404579e+06
10.92	1.000018e+07	9.385190e+06
10.96	9.965634e+06	9.369650e+06
11.00	9.935354e+06	9.357747e+06
11.04	9.909115e+06	9.349283e+06
11.08	9.886712e+06	9.344083e+06
11.12	9.867961e+06	9.341987e+06
11.16	9.852694e+06	9.342852e+06
11.20	9.840762e+06	9.346550e+06
11.24	9.832029e+06	9.352963e+06
11.28	9.826373e+06	9.361989e+06
11.32	9.823684e+06	9.373531e+06
11.36	9.823860e+06	9.387507e+06
11.40	9.826810e+06	9.403838e+06
11.44	9.832451e+06	9.422453e+06
11.48	9.840705e+06	9.443290e+06
11.52	9.851501e+06	9.466287e+06
11.56	9.864772e+06	9.491392e+06
11.60	9.880458e+06	9.518553e+06
11.64	9.898500e+06	9.547723e+06
11.68	9.918844e+06	9.578859e+06
11.72	9.941440e+06	9.611919e+06
11.76	9.966238e+06	9.646866e+06
11.80	9.993194e+06	9.683663e+06
11.84	1.002226e+07	9.722275e+06
11.88	1.005341e+07	9.762671e+06
11.92	1.008658e+07	9.804819e+06
11.96	1.012176e+07	9.848690e+06
12.00	1.015889e+07	9.894258e+06
12.04	1.019795e+07	9.941494e+06
12.08	1.023890e+07	9.990374e+06
12.12	1.028171e+07	1.004087e+07
12.16	1.032636e+07	1.009297e+07
12.20	1.037280e+07	1.014664e+07
12.24	1.042102e+07	1.020187e+07
12.28	1.047099e+07	1.025863e+07
12.32	1.052268e+07	1.031690e+07
12.36	1.057607e+07	1.037668e+07
12.40	1.063114e+07	1.043793e+07
12.44	1.068785e+07	1.050064e+07
12.48	1.074620e+07	1.056481e+07
12.52	1.080616e+07	1.063040e+07
12.56	1.086771e+07	1.069742e+07
12.60	1.093083e+07	1.076583e+07
12.64	1.099550e+07	1.083564e+07
12.68	1.106171e+07	1.090683e+07
12.72	1.112944e+07	1.097939e+07
12.76	1.119868e+07	1.105330e+07
12.80	1.126941e+07	1.112856e+07
12.84	1.134161e+07	1.120516e+07
12.88	1.141527e+07	1.128309e+07
12.92	1.149039e+07	1.136233e+07
12.96	1.156694e+07	1.144288e+07
13.00	1.164492e+07	1.152474e+07
13.04	1.172430e+07	1.160788e+07
13.08	1.180504e+07	1.169226e+07
13.12	1.188699e+07	1.177770e+07
13.16	1.196963e+07	1.186364e+07
13.20	1.205158e+07	1.194854e+07
13.24	1.212947e+07	1.202879e+07
13.28	1.219648e+07	1.209709e+07
13.32	1.224043e+07	1.214066e+07
13.36	1.224257e+07	1.214014e+07
13.40	1.217778e+07	1.206995e+07
13.44	1.201714e+07	1.190115e+07
13.48	1.173262e+07	1.160634e+07
13.52	1.130320e+07	1.116565e+07
13.56	1.072025e+07	1.057212e+07
13.60	9.990888e+06	9.834536e+06
13.64	9.137912e+06	8.977109e+06
13.68	8.196612e+06	8.035969e+06
13.72	7.209369e+06	7.053652e+06
13.76	6.219562e+06	6.073059e+06
13.80	5.266205e+06	5.132265e+06
13.84	4.380232e+06	4.261038e+06
13.88	3.582759e+06	3.479306e+06
13.92	2.885103e+06	2.797348e+06
13.96	2.290067e+06	2.217165e+06
14.00	1.793895e+06	1.734464e+06
14.04	1.388391e+06	1.340757e+06
14.08	1.062850e+06	1.025250e+06
14.12	8.056165e+05	7.763391e+05
14.16	6.051981e+05	5.826775e+05
14.20	4.509856e+05	4.338501e+05
14.24	3.336360e+05	3.207240e+05
14.28	2.452138e+05	2.355684e+05
14.32	1.791698e+05	1.720201e+05
14.36	1.302236e+05	1.249604e+05
14.40	9.420011e+04	9.034949e+04
14.44	6.785114e+04	6.504949e+04
14.48	4.868475e+04	4.665636e+04
14.52	3.481172e+04	3.334965e+04
14.56	2.481440e+04	2.376472e+04
14.60	1.763850e+04	1.688756e+04
14.64	1.250601e+04	1.197051e+04
14.68	8.846730e+03	8.465953e+03
14.72	6.245246e+03	5.975190e+03
14.76	4.400538e+03	4.209454e+03
14.80	3.095488e+03	2.960566e+03
14.84	2.174149e+03	2.079063e+03
14.88	1.524928e+03	1.458031e+03
14.92	1.068232e+03	1.021240e+03
14.96	7.474625e+02	7.144987e+02
15.00	5.224762e+02	4.993823e+02
15.04	3.648702e+02	3.487096e+02
15.08	2.545908e+02	2.432936e+02
15.12	1.775061e+02	1.696162e+02
15.16	1.236747e+02	1.181691e+02
15.20	8.611383e+01	8.227505e+01
15.24	5.992594e+01	5.725121e+01
15.28	4.168016e+01	3.981769e+01
15.32	2.897591e+01	2.767979e+01
15.36	2.013524e+01	1.923372e+01
15.40	1.398638e+01	1.335963e+01
15.44	9.711769e+00	9.276230e+00
15.48	6.741392e+00	6.438850e+00
15.52	4.678126e+00	4.468044e+00
15.56	3.245464e+00	3.099634e+00
15.60	2.250996e+00	2.149797e+00
15.64	1.560901e+00	1.490693e+00
15.68	1.082150e+00	1.033454e+00
15.72	7.500994e-01	7.163320e-01
15.76	5.198482e-01	4.964375e-01
15.80	3.602195e-01	3.439921e-01
15.84	2.495726e-01	2.383262e-01
15.88	1.728904e-01	1.650974e-01
15.92	1.197551e-01	1.143558e-01
15.96	8.294137e-02	7.920100e-02
16.00	5.743891e-02	5.484807e-02
