# Photo-pion interaction rate with the MBB, $T=2000$ K, $\sigma=1$
# log10(gamma)	1/lambda_proton [1/Mpc]	1/lambda_neutron [1/Mpc]
6.00	1.228950e-180	9.075223e-180
6.04	7.152178e-164	3.697866e-163
6.08	1.376424e-148	5.218839e-148
6.12	1.185610e-134	3.447981e-134
6.16	6.021748e-122	1.401745e-121
6.20	2.317581e-110	4.491717e-110
6.24	8.491367e-100	1.419270e-99
6.28	3.644983e-90	5.416030e-90
6.32	2.214196e-81	3.000109e-81
6.36	2.260602e-73	2.851564e-73
6.40	4.536926e-66	5.416995e-66
6.44	2.064700e-59	2.364088e-59
6.48	2.427056e-53	2.692251e-53
6.52	8.299209e-48	8.989038e-48
6.56	9.200519e-43	9.789108e-43
6.60	3.650624e-38	3.833011e-38
6.64	5.674103e-34	5.899487e-34
6.68	3.751136e-30	3.872145e-30
6.72	1.137070e-26	1.167588e-26
6.76	1.692505e-23	1.731300e-23
6.80	1.316860e-20	1.343336e-20
6.84	5.669955e-18	5.772578e-18
6.88	1.423115e-15	1.446863e-15
6.92	2.183367e-13	2.217671e-13
6.96	2.138144e-11	2.170338e-11
7.00	1.390330e-09	1.410685e-09
7.04	6.223166e-08	6.312781e-08
7.08	1.981470e-06	2.009791e-06
7.12	4.624498e-05	4.690570e-05
7.16	8.130558e-04	8.247325e-04
7.20	1.104060e-02	1.120069e-02
7.24	1.184601e-01	1.202008e-01
7.28	1.025385e+00	1.040701e+00
7.32	7.297605e+00	7.408729e+00
7.36	4.344931e+01	4.412561e+01
7.40	2.198759e+02	2.233839e+02
7.44	9.595389e+02	9.752752e+02
7.48	3.659367e+03	3.721244e+03
7.52	1.234523e+04	1.256119e+04
7.56	3.725668e+04	3.793341e+04
7.60	1.016234e+05	1.035478e+05
7.64	2.529216e+05	2.579366e+05
7.68	5.793859e+05	5.914699e+05
7.72	1.231426e+06	1.258563e+06
7.76	2.446013e+06	2.503196e+06
7.80	4.570299e+06	4.684021e+06
7.84	8.078964e+06	8.293365e+06
7.88	1.357812e+07	1.396262e+07
7.92	2.178770e+07	2.244517e+07
7.96	3.349489e+07	3.456870e+07
8.00	4.947539e+07	5.115252e+07
8.04	7.038663e+07	7.289396e+07
8.08	9.664761e+07	1.002386e+08
8.12	1.283291e+08	1.332600e+08
8.16	1.650815e+08	1.715771e+08
8.20	2.061230e+08	2.143367e+08
8.24	2.502969e+08	2.602686e+08
8.28	2.961903e+08	3.078096e+08
8.32	3.422898e+08	3.552696e+08
8.36	3.871414e+08	4.010066e+08
8.40	4.294841e+08	4.435777e+08
8.44	4.683357e+08	4.818424e+08
8.48	5.030233e+08	5.150095e+08
8.52	5.331662e+08	5.426330e+08
8.56	5.586257e+08	5.645716e+08
8.60	5.794416e+08	5.809292e+08
8.64	5.957702e+08	5.919918e+08
8.68	6.078365e+08	5.981706e+08
8.72	6.159019e+08	5.999563e+08
8.76	6.202484e+08	5.978831e+08
8.80	6.211738e+08	5.925032e+08
8.84	6.189922e+08	5.843656e+08
8.88	6.140365e+08	5.740017e+08
8.92	6.066581e+08	5.619126e+08
8.96	5.972237e+08	5.485606e+08
9.00	5.861079e+08	5.343628e+08
9.04	5.736845e+08	5.196873e+08
9.08	5.603152e+08	5.048516e+08
9.12	5.463394e+08	4.901229e+08
9.16	5.320657e+08	4.757191e+08
9.20	5.177642e+08	4.618118e+08
9.24	5.036632e+08	4.485298e+08
9.28	4.899472e+08	4.359631e+08
9.32	4.767581e+08	4.241682e+08
9.36	4.641981e+08	4.131725e+08
9.40	4.523339e+08	4.029800e+08
9.44	4.412019e+08	3.935760e+08
9.48	4.308139e+08	3.849319e+08
9.52	4.211623e+08	3.770094e+08
9.56	4.122248e+08	3.697639e+08
9.60	4.039694e+08	3.631475e+08
9.64	3.963576e+08	3.571119e+08
9.68	3.893477e+08	3.516095e+08
9.72	3.828972e+08	3.465953e+08
9.76	3.769644e+08	3.420276e+08
9.80	3.715095e+08	3.378682e+08
9.84	3.664955e+08	3.340828e+08
9.88	3.618884e+08	3.306409e+08
9.92	3.576572e+08	3.275153e+08
9.96	3.537736e+08	3.246819e+08
10.00	3.502123e+08	3.221191e+08
10.04	3.469499e+08	3.198077e+08
10.08	3.439656e+08	3.177302e+08
10.12	3.412399e+08	3.158706e+08
10.16	3.387554e+08	3.142146e+08
10.20	3.364959e+08	3.127488e+08
10.24	3.344465e+08	3.114609e+08
10.28	3.325938e+08	3.103397e+08
10.32	3.309253e+08	3.093748e+08
10.36	3.294297e+08	3.085567e+08
10.40	3.280965e+08	3.078766e+08
10.44	3.269165e+08	3.073266e+08
10.48	3.258809e+08	3.068994e+08
10.52	3.249821e+08	3.065884e+08
10.56	3.242130e+08	3.063876e+08
10.60	3.235672e+08	3.062916e+08
10.64	3.230389e+08	3.062954e+08
10.68	3.226230e+08	3.063946e+08
10.72	3.223147e+08	3.065851e+08
10.76	3.221097e+08	3.068634e+08
10.80	3.220041e+08	3.072261e+08
10.84	3.219945e+08	3.076703e+08
10.88	3.220775e+08	3.081931e+08
10.92	3.222501e+08	3.087922e+08
10.96	3.225097e+08	3.094652e+08
11.00	3.228538e+08	3.102101e+08
11.04	3.232800e+08	3.110249e+08
11.08	3.237862e+08	3.119078e+08
11.12	3.243704e+08	3.128573e+08
11.16	3.250306e+08	3.138718e+08
11.20	3.257651e+08	3.149499e+08
11.24	3.265724e+08	3.160902e+08
11.28	3.274507e+08	3.172915e+08
11.32	3.283986e+08	3.185526e+08
11.36	3.294148e+08	3.198724e+08
11.40	3.304978e+08	3.212499e+08
11.44	3.316465e+08	3.226840e+08
11.48	3.328596e+08	3.241739e+08
11.52	3.341360e+08	3.257187e+08
11.56	3.354745e+08	3.273174e+08
11.60	3.368742e+08	3.289693e+08
11.64	3.383340e+08	3.306737e+08
11.68	3.398529e+08	3.324297e+08
11.72	3.414301e+08	3.342368e+08
11.76	3.430646e+08	3.360942e+08
11.80	3.447556e+08	3.380013e+08
11.84	3.465024e+08	3.399575e+08
11.88	3.483041e+08	3.419623e+08
11.92	3.501599e+08	3.440151e+08
11.96	3.520693e+08	3.461153e+08
12.00	3.540315e+08	3.482625e+08
12.04	3.560458e+08	3.504562e+08
12.08	3.581117e+08	3.526960e+08
12.12	3.602286e+08	3.549814e+08
12.16	3.623958e+08	3.573120e+08
12.20	3.646129e+08	3.596875e+08
12.24	3.668793e+08	3.621074e+08
12.28	3.691946e+08	3.645715e+08
12.32	3.715583e+08	3.670794e+08
12.36	3.739699e+08	3.696309e+08
12.40	3.764290e+08	3.722255e+08
12.44	3.789348e+08	3.748626e+08
12.48	3.814858e+08	3.775406e+08
12.52	3.840771e+08	3.802541e+08
12.56	3.866944e+08	3.829875e+08
12.60	3.893017e+08	3.857014e+08
12.64	3.918180e+08	3.883089e+08
12.68	3.940848e+08	3.906417e+08
12.72	3.958293e+08	3.924141e+08
12.76	3.966361e+08	3.931972e+08
12.80	3.959465e+08	3.924210e+08
12.84	3.930973e+08	3.894191e+08
12.88	3.874043e+08	3.835148e+08
12.92	3.782741e+08	3.741345e+08
12.96	3.653198e+08	3.609214e+08
13.00	3.484495e+08	3.438185e+08
13.04	3.279035e+08	3.231002e+08
13.08	3.042342e+08	2.993453e+08
13.12	2.782342e+08	2.733618e+08
13.16	2.508339e+08	2.460829e+08
13.20	2.229915e+08	2.184585e+08
13.24	1.955969e+08	1.913614e+08
13.28	1.694011e+08	1.655209e+08
13.32	1.449773e+08	1.414872e+08
13.36	1.227108e+08	1.196240e+08
13.40	1.028111e+08	1.001226e+08
13.44	8.533745e+07	8.302819e+07
13.48	7.023222e+07	6.827344e+07
13.52	5.735420e+07	5.571137e+07
13.56	4.650924e+07	4.514528e+07
13.60	3.747551e+07	3.635332e+07
13.64	3.002310e+07	2.910731e+07
13.68	2.392794e+07	2.318601e+07
13.72	1.898090e+07	1.838372e+07
13.76	1.499301e+07	1.451514e+07
13.80	1.179780e+07	1.141741e+07
13.84	9.251577e+06	8.950186e+06
13.88	7.232338e+06	6.994545e+06
13.92	5.637949e+06	5.451042e+06
13.96	4.383906e+06	4.237493e+06
14.00	3.400988e+06	3.286646e+06
14.04	2.632985e+06	2.543934e+06
14.08	2.034592e+06	1.965408e+06
14.12	1.569527e+06	1.515899e+06
14.16	1.208908e+06	1.167421e+06
14.20	9.298501e+05	8.978141e+05
14.24	7.143070e+05	6.896095e+05
14.28	5.481004e+05	5.290886e+05
14.32	4.201311e+05	4.055158e+05
14.36	3.217368e+05	3.105150e+05
14.40	2.461760e+05	2.375691e+05
14.44	1.882147e+05	1.816201e+05
14.48	1.437988e+05	1.387506e+05
14.52	1.097941e+05	1.059328e+05
14.56	8.378187e+04	8.083065e+04
14.60	6.389857e+04	6.164445e+04
14.64	4.871057e+04	4.698995e+04
14.68	3.711634e+04	3.580369e+04
14.72	2.827054e+04	2.726963e+04
14.76	2.152513e+04	2.076228e+04
14.80	1.638378e+04	1.580261e+04
14.84	1.246671e+04	1.202413e+04
14.88	9.483556e+03	9.146625e+03
14.92	7.212441e+03	6.956023e+03
14.96	5.483968e+03	5.288880e+03
15.00	4.168865e+03	4.020477e+03
15.04	3.168539e+03	3.055699e+03
15.08	2.407830e+03	2.322041e+03
15.12	1.829468e+03	1.764258e+03
15.16	1.389831e+03	1.340272e+03
15.20	1.055706e+03	1.018048e+03
15.24	8.018122e+02	7.732014e+02
15.28	6.089134e+02	5.871793e+02
15.32	4.623765e+02	4.458684e+02
15.36	3.510727e+02	3.385354e+02
15.40	2.665404e+02	2.570198e+02
15.44	2.023470e+02	1.951178e+02
15.48	1.536035e+02	1.481147e+02
15.52	1.165946e+02	1.124276e+02
15.56	8.849759e+01	8.533428e+01
15.60	6.716796e+01	6.476673e+01
15.64	5.097679e+01	4.915416e+01
15.68	3.868694e+01	3.730355e+01
15.72	2.935886e+01	2.830893e+01
15.76	2.227916e+01	2.148233e+01
15.80	1.690613e+01	1.630142e+01
15.84	1.282853e+01	1.236963e+01
15.88	9.734146e+00	9.385914e+00
15.92	7.385981e+00	7.121735e+00
15.96	5.604137e+00	5.403628e+00
16.00	4.252071e+00	4.099928e+00
