# Photo-pion interaction rate with the BPL, $\epsilon_0 = 0.015$ eV, $\alpha=5/2$, $\beta=-2.0$
# log10(gamma)	1/lambda_proton [1/Mpc]	1/lambda_neutron [1/Mpc]
6.00	1.758540e+00	1.748157e+00
6.04	1.928201e+00	1.916816e+00
6.08	2.114231e+00	2.101747e+00
6.12	2.318208e+00	2.304520e+00
6.16	2.541864e+00	2.526855e+00
6.20	2.787099e+00	2.770642e+00
6.24	3.055993e+00	3.037948e+00
6.28	3.350830e+00	3.331044e+00
6.32	3.674112e+00	3.652417e+00
6.36	4.028583e+00	4.004796e+00
6.40	4.417254e+00	4.391172e+00
6.44	4.843422e+00	4.814824e+00
6.48	5.310707e+00	5.279349e+00
6.52	5.823075e+00	5.788691e+00
6.56	6.384874e+00	6.347174e+00
6.60	7.000875e+00	6.959538e+00
6.64	7.676307e+00	7.630982e+00
6.68	8.416904e+00	8.367205e+00
6.72	9.228951e+00	9.174458e+00
6.76	1.011934e+01	1.005959e+01
6.80	1.109564e+01	1.103012e+01
6.84	1.216613e+01	1.209429e+01
6.88	1.333989e+01	1.326113e+01
6.92	1.462690e+01	1.454054e+01
6.96	1.603808e+01	1.594338e+01
7.00	1.758540e+01	1.748157e+01
7.04	1.928201e+01	1.916816e+01
7.08	2.114231e+01	2.101747e+01
7.12	2.318208e+01	2.304520e+01
7.16	2.541864e+01	2.526855e+01
7.20	2.787099e+01	2.770642e+01
7.24	3.055993e+01	3.037948e+01
7.28	3.350830e+01	3.331044e+01
7.32	3.674112e+01	3.652417e+01
7.36	4.028583e+01	4.004796e+01
7.40	4.417254e+01	4.391172e+01
7.44	4.843422e+01	4.814824e+01
7.48	5.310707e+01	5.279349e+01
7.52	5.823075e+01	5.788691e+01
7.56	6.384874e+01	6.347174e+01
7.60	7.000875e+01	6.959538e+01
7.64	7.676307e+01	7.630982e+01
7.68	8.416904e+01	8.367205e+01
7.72	9.228951e+01	9.174458e+01
7.76	1.011934e+02	1.005959e+02
7.80	1.109564e+02	1.103012e+02
7.84	1.216613e+02	1.209429e+02
7.88	1.333989e+02	1.326113e+02
7.92	1.462690e+02	1.454054e+02
7.96	1.603808e+02	1.594338e+02
8.00	1.758540e+02	1.748157e+02
8.04	1.928201e+02	1.916816e+02
8.08	2.114231e+02	2.101747e+02
8.12	2.318208e+02	2.304520e+02
8.16	2.541864e+02	2.526855e+02
8.20	2.787099e+02	2.770642e+02
8.24	3.055993e+02	3.037948e+02
8.28	3.350830e+02	3.331044e+02
8.32	3.674112e+02	3.652417e+02
8.36	4.028583e+02	4.004796e+02
8.40	4.417254e+02	4.391172e+02
8.44	4.843422e+02	4.814824e+02
8.48	5.310707e+02	5.279349e+02
8.52	5.823075e+02	5.788691e+02
8.56	6.384874e+02	6.347174e+02
8.60	7.000875e+02	6.959538e+02
8.64	7.676307e+02	7.630982e+02
8.68	8.416904e+02	8.367205e+02
8.72	9.228951e+02	9.174458e+02
8.76	1.011934e+03	1.005959e+03
8.80	1.109564e+03	1.103012e+03
8.84	1.216613e+03	1.209429e+03
8.88	1.333989e+03	1.326113e+03
8.92	1.462690e+03	1.454054e+03
8.96	1.603808e+03	1.594338e+03
9.00	1.758540e+03	1.748157e+03
9.04	1.928201e+03	1.916816e+03
9.08	2.114231e+03	2.101747e+03
9.12	2.318208e+03	2.304520e+03
9.16	2.541864e+03	2.526855e+03
9.20	2.787099e+03	2.770642e+03
9.24	3.055993e+03	3.037948e+03
9.28	3.350830e+03	3.331044e+03
9.32	3.674112e+03	3.652417e+03
9.36	4.028583e+03	4.004796e+03
9.40	4.417254e+03	4.391172e+03
9.44	4.843422e+03	4.814824e+03
9.48	5.310707e+03	5.279349e+03
9.52	5.823075e+03	5.788691e+03
9.56	6.384874e+03	6.347174e+03
9.60	7.000875e+03	6.959538e+03
9.64	7.676307e+03	7.630982e+03
9.68	8.416904e+03	8.367205e+03
9.72	9.228935e+03	9.174441e+03
9.76	1.011664e+04	1.005685e+04
9.80	1.107280e+04	1.100694e+04
9.84	1.207925e+04	1.200597e+04
9.88	1.311216e+04	1.302922e+04
9.92	1.414381e+04	1.404761e+04
9.96	1.513979e+04	1.502462e+04
10.00	1.605256e+04	1.590946e+04
10.04	1.681752e+04	1.663245e+04
10.08	1.736557e+04	1.711813e+04
10.12	1.766772e+04	1.733361e+04
10.16	1.775521e+04	1.731127e+04
10.20	1.768929e+04	1.711686e+04
10.24	1.753104e+04	1.681675e+04
10.28	1.732813e+04	1.646397e+04
10.32	1.710624e+04	1.609072e+04
10.36	1.687199e+04	1.571072e+04
10.40	1.661966e+04	1.532435e+04
10.44	1.633245e+04	1.492016e+04
10.48	1.600333e+04	1.449448e+04
10.52	1.564300e+04	1.406027e+04
10.56	1.525993e+04	1.363141e+04
10.60	1.485835e+04	1.321725e+04
10.64	1.444859e+04	1.282438e+04
10.68	1.404314e+04	1.245699e+04
10.72	1.365106e+04	1.211635e+04
10.76	1.327740e+04	1.180154e+04
10.80	1.292543e+04	1.151157e+04
10.84	1.259779e+04	1.124622e+04
10.88	1.229610e+04	1.100529e+04
10.92	1.202066e+04	1.078799e+04
10.96	1.177062e+04	1.059292e+04
11.00	1.154437e+04	1.041825e+04
11.04	1.133987e+04	1.026192e+04
11.08	1.115496e+04	1.012190e+04
11.12	1.098753e+04	9.996300e+03
11.16	1.083562e+04	9.883402e+03
11.20	1.069750e+04	9.781738e+03
11.24	1.057169e+04	9.690057e+03
11.28	1.045691e+04	9.607316e+03
11.32	1.035206e+04	9.532649e+03
11.36	1.025624e+04	9.465326e+03
11.40	1.016866e+04	9.404734e+03
11.44	1.008863e+04	9.350348e+03
11.48	1.001558e+04	9.301707e+03
11.52	9.948981e+03	9.258411e+03
11.56	9.888404e+03	9.220130e+03
11.60	9.833600e+03	9.186688e+03
11.64	9.784302e+03	9.157901e+03
11.68	9.740218e+03	9.133535e+03
11.72	9.701044e+03	9.113347e+03
11.76	9.666476e+03	9.097083e+03
11.80	9.636231e+03	9.084503e+03
11.84	9.610053e+03	9.075383e+03
11.88	9.587695e+03	9.069514e+03
11.92	9.568937e+03	9.066701e+03
11.96	9.553573e+03	9.066771e+03
12.00	9.541428e+03	9.069567e+03
12.04	9.532333e+03	9.074941e+03
12.08	9.526138e+03	9.082762e+03
12.12	9.522706e+03	9.092911e+03
12.16	9.521908e+03	9.105276e+03
12.20	9.523628e+03	9.119754e+03
12.24	9.527756e+03	9.136248e+03
12.28	9.534186e+03	9.154667e+03
12.32	9.542822e+03	9.174927e+03
12.36	9.553568e+03	9.196942e+03
12.40	9.566333e+03	9.220632e+03
12.44	9.581026e+03	9.245918e+03
12.48	9.597560e+03	9.272720e+03
12.52	9.615845e+03	9.300960e+03
12.56	9.635791e+03	9.330560e+03
12.60	9.657311e+03	9.361434e+03
12.64	9.680312e+03	9.393503e+03
12.68	9.704701e+03	9.426679e+03
12.72	9.730384e+03	9.460876e+03
12.76	9.757251e+03	9.495996e+03
12.80	9.785200e+03	9.531941e+03
12.84	9.814125e+03	9.568610e+03
12.88	9.843906e+03	9.605893e+03
12.92	9.874419e+03	9.643669e+03
12.96	9.905531e+03	9.681817e+03
13.00	9.937106e+03	9.720204e+03
13.04	9.968992e+03	9.758682e+03
13.08	1.000103e+04	9.797099e+03
13.12	1.003305e+04	9.835288e+03
13.16	1.006486e+04	9.873068e+03
13.20	1.009626e+04	9.910244e+03
13.24	1.012705e+04	9.946604e+03
13.28	1.015697e+04	9.981918e+03
13.32	1.018579e+04	1.001594e+04
13.36	1.021322e+04	1.004839e+04
13.40	1.023896e+04	1.007897e+04
13.44	1.026270e+04	1.010737e+04
13.48	1.028406e+04	1.013323e+04
13.52	1.030267e+04	1.015616e+04
13.56	1.031811e+04	1.017576e+04
13.60	1.032991e+04	1.019154e+04
13.64	1.033757e+04	1.020302e+04
13.68	1.034054e+04	1.020965e+04
13.72	1.033822e+04	1.021083e+04
13.76	1.032996e+04	1.020589e+04
13.80	1.031503e+04	1.019413e+04
13.84	1.029265e+04	1.017474e+04
13.88	1.026195e+04	1.014688e+04
13.92	1.022201e+04	1.010959e+04
13.96	1.017177e+04	1.006185e+04
14.00	1.011012e+04	1.000251e+04
14.04	1.003582e+04	9.930345e+03
14.08	9.947509e+03	9.843982e+03
14.12	9.843706e+03	9.741936e+03
14.16	9.722781e+03	9.622571e+03
14.20	9.582952e+03	9.484097e+03
14.24	9.422265e+03	9.324550e+03
14.28	9.238576e+03	9.141777e+03
14.32	9.029538e+03	8.933420e+03
14.36	8.792578e+03	8.696892e+03
14.40	8.524874e+03	8.429357e+03
14.44	8.223334e+03	8.127708e+03
14.48	7.884568e+03	7.788535e+03
14.52	7.504859e+03	7.408102e+03
14.56	7.080128e+03	6.982315e+03
14.60	6.605914e+03	6.506675e+03
14.64	6.077315e+03	5.976264e+03
14.68	5.488964e+03	5.385677e+03
14.72	4.834975e+03	4.728998e+03
14.76	4.108884e+03	3.999731e+03
14.80	3.303614e+03	3.190756e+03
14.84	2.443084e+03	2.344143e+03
14.88	1.769858e+03	1.698182e+03
14.92	1.282149e+03	1.230224e+03
14.96	9.288345e+02	8.912185e+02
15.00	6.728811e+02	6.456307e+02
15.04	4.874593e+02	4.677181e+02
15.08	3.531330e+02	3.388318e+02
15.12	2.558223e+02	2.454619e+02
15.16	1.853268e+02	1.778215e+02
15.20	1.342574e+02	1.288203e+02
15.24	9.726091e+01	9.332203e+01
15.28	7.045930e+01	6.760583e+01
15.32	5.104325e+01	4.897610e+01
15.36	3.697757e+01	3.548005e+01
15.40	2.678788e+01	2.570302e+01
15.44	1.940610e+01	1.862019e+01
15.48	1.405848e+01	1.348914e+01
15.52	1.018447e+01	9.772016e+00
15.56	7.377995e+00	7.079200e+00
15.60	5.344885e+00	5.128427e+00
15.64	3.872027e+00	3.715217e+00
15.68	2.805035e+00	2.691437e+00
15.72	2.032068e+00	1.949774e+00
15.76	1.472103e+00	1.412486e+00
15.80	1.066445e+00	1.023256e+00
15.84	7.725709e-01	7.412832e-01
15.88	5.596781e-01	5.370122e-01
15.92	4.054510e-01	3.890310e-01
15.96	2.937233e-01	2.818280e-01
16.00	2.127837e-01	2.041664e-01
