# Photo-pion interaction rate with the BPL, $\epsilon_0 = 0.085$ eV, $\alpha=3/2$, $\beta=-2.0$
# log10(gamma)	1/lambda_proton [1/Mpc]	1/lambda_neutron [1/Mpc]
6.00	1.665250e+03	1.655417e+03
6.04	1.825910e+03	1.815129e+03
6.08	2.002071e+03	1.990249e+03
6.12	2.195227e+03	2.182265e+03
6.16	2.407019e+03	2.392806e+03
6.20	2.639243e+03	2.623660e+03
6.24	2.893873e+03	2.876786e+03
6.28	3.173069e+03	3.154333e+03
6.32	3.479200e+03	3.458657e+03
6.36	3.814867e+03	3.792342e+03
6.40	4.182919e+03	4.158220e+03
6.44	4.586479e+03	4.559398e+03
6.48	5.028975e+03	4.999280e+03
6.52	5.514161e+03	5.481602e+03
6.56	6.046157e+03	6.010457e+03
6.60	6.629480e+03	6.590335e+03
6.64	7.269080e+03	7.226159e+03
6.68	7.970388e+03	7.923326e+03
6.72	8.739356e+03	8.687754e+03
6.76	9.582514e+03	9.525933e+03
6.80	1.050702e+04	1.044498e+04
6.84	1.152072e+04	1.145269e+04
6.88	1.263221e+04	1.255762e+04
6.92	1.385095e+04	1.376916e+04
6.96	1.518726e+04	1.509759e+04
7.00	1.665250e+04	1.655417e+04
7.04	1.825910e+04	1.815129e+04
7.08	2.002071e+04	1.990249e+04
7.12	2.195227e+04	2.182265e+04
7.16	2.407019e+04	2.392806e+04
7.20	2.639243e+04	2.623660e+04
7.24	2.893873e+04	2.876786e+04
7.28	3.173069e+04	3.154333e+04
7.32	3.479200e+04	3.458657e+04
7.36	3.814867e+04	3.792342e+04
7.40	4.182919e+04	4.158220e+04
7.44	4.586479e+04	4.559398e+04
7.48	5.028975e+04	4.999280e+04
7.52	5.514161e+04	5.481602e+04
7.56	6.046157e+04	6.010457e+04
7.60	6.629480e+04	6.590335e+04
7.64	7.269080e+04	7.226159e+04
7.68	7.970388e+04	7.923326e+04
7.72	8.739356e+04	8.687754e+04
7.76	9.582514e+04	9.525933e+04
7.80	1.050702e+05	1.044498e+05
7.84	1.152072e+05	1.145269e+05
7.88	1.263221e+05	1.255762e+05
7.92	1.385095e+05	1.376916e+05
7.96	1.518726e+05	1.509759e+05
8.00	1.665250e+05	1.655417e+05
8.04	1.825910e+05	1.815129e+05
8.08	2.002071e+05	1.990249e+05
8.12	2.195227e+05	2.182265e+05
8.16	2.407019e+05	2.392806e+05
8.20	2.639243e+05	2.623660e+05
8.24	2.893873e+05	2.876786e+05
8.28	3.173069e+05	3.154333e+05
8.32	3.479200e+05	3.458657e+05
8.36	3.814867e+05	3.792342e+05
8.40	4.182919e+05	4.158220e+05
8.44	4.586479e+05	4.559398e+05
8.48	5.028975e+05	4.999280e+05
8.52	5.514161e+05	5.481602e+05
8.56	6.046157e+05	6.010457e+05
8.60	6.629480e+05	6.590335e+05
8.64	7.269080e+05	7.226159e+05
8.68	7.970388e+05	7.923326e+05
8.72	8.739356e+05	8.687754e+05
8.76	9.582514e+05	9.525933e+05
8.80	1.050702e+06	1.044498e+06
8.84	1.152072e+06	1.145269e+06
8.88	1.263221e+06	1.255762e+06
8.92	1.385095e+06	1.376916e+06
8.96	1.518726e+06	1.509758e+06
9.00	1.665034e+06	1.655198e+06
9.04	1.823583e+06	1.812766e+06
9.08	1.992232e+06	1.980248e+06
9.12	2.167787e+06	2.154329e+06
9.16	2.346321e+06	2.330896e+06
9.20	2.522908e+06	2.504737e+06
9.24	2.690785e+06	2.668641e+06
9.28	2.840597e+06	2.812554e+06
9.32	2.961375e+06	2.924558e+06
9.36	3.046050e+06	2.996824e+06
9.40	3.095848e+06	3.030468e+06
9.44	3.117569e+06	3.032732e+06
9.48	3.119287e+06	3.012354e+06
9.52	3.108187e+06	2.977245e+06
9.56	3.089006e+06	2.933050e+06
9.60	3.063852e+06	2.882953e+06
9.64	3.032994e+06	2.828228e+06
9.68	2.994879e+06	2.768247e+06
9.72	2.948371e+06	2.702588e+06
9.76	2.894827e+06	2.633091e+06
9.80	2.835775e+06	2.562093e+06
9.84	2.772018e+06	2.491394e+06
9.88	2.705034e+06	2.422376e+06
9.92	2.636823e+06	2.356085e+06
9.96	2.569055e+06	2.293137e+06
10.00	2.502855e+06	2.233751e+06
10.04	2.439031e+06	2.178022e+06
10.08	2.378263e+06	2.126087e+06
10.12	2.321065e+06	2.078068e+06
10.16	2.267739e+06	2.033985e+06
10.20	2.218380e+06	1.993742e+06
10.24	2.172928e+06	1.957151e+06
10.28	2.131212e+06	1.923962e+06
10.32	2.092998e+06	1.893897e+06
10.36	2.058023e+06	1.866675e+06
10.40	2.026019e+06	1.842026e+06
10.44	1.996728e+06	1.819700e+06
10.48	1.969911e+06	1.799475e+06
10.52	1.945350e+06	1.781154e+06
10.56	1.922849e+06	1.764564e+06
10.60	1.902237e+06	1.749554e+06
10.64	1.883357e+06	1.735994e+06
10.68	1.866072e+06	1.723767e+06
10.72	1.850260e+06	1.712771e+06
10.76	1.835810e+06	1.702914e+06
10.80	1.822625e+06	1.694118e+06
10.84	1.810635e+06	1.686327e+06
10.88	1.799778e+06	1.679493e+06
10.92	1.789989e+06	1.673564e+06
10.96	1.781204e+06	1.668487e+06
11.00	1.773361e+06	1.664211e+06
11.04	1.766402e+06	1.660687e+06
11.08	1.760274e+06	1.657868e+06
11.12	1.754924e+06	1.655712e+06
11.16	1.750308e+06	1.654179e+06
11.20	1.746381e+06	1.653231e+06
11.24	1.743107e+06	1.652837e+06
11.28	1.740449e+06	1.652965e+06
11.32	1.738376e+06	1.653586e+06
11.36	1.736856e+06	1.654675e+06
11.40	1.735864e+06	1.656209e+06
11.44	1.735374e+06	1.658165e+06
11.48	1.735362e+06	1.660523e+06
11.52	1.735807e+06	1.663265e+06
11.56	1.736688e+06	1.666371e+06
11.60	1.737986e+06	1.669825e+06
11.64	1.739682e+06	1.673611e+06
11.68	1.741757e+06	1.677713e+06
11.72	1.744196e+06	1.682115e+06
11.76	1.746980e+06	1.686802e+06
11.80	1.750092e+06	1.691759e+06
11.84	1.753516e+06	1.696971e+06
11.88	1.757234e+06	1.702423e+06
11.92	1.761230e+06	1.708098e+06
11.96	1.765486e+06	1.713981e+06
12.00	1.769983e+06	1.720056e+06
12.04	1.774702e+06	1.726304e+06
12.08	1.779625e+06	1.732708e+06
12.12	1.784732e+06	1.739249e+06
12.16	1.789999e+06	1.745906e+06
12.20	1.795406e+06	1.752658e+06
12.24	1.800927e+06	1.759483e+06
12.28	1.806538e+06	1.766355e+06
12.32	1.812211e+06	1.773250e+06
12.36	1.817917e+06	1.780138e+06
12.40	1.823625e+06	1.786989e+06
12.44	1.829302e+06	1.793771e+06
12.48	1.834910e+06	1.800449e+06
12.52	1.840410e+06	1.806983e+06
12.56	1.845762e+06	1.813332e+06
12.60	1.850917e+06	1.819452e+06
12.64	1.855827e+06	1.825292e+06
12.68	1.860437e+06	1.830800e+06
12.72	1.864688e+06	1.835917e+06
12.76	1.868517e+06	1.840579e+06
12.80	1.871853e+06	1.844717e+06
12.84	1.874620e+06	1.848255e+06
12.88	1.876734e+06	1.851110e+06
12.92	1.878106e+06	1.853191e+06
12.96	1.878635e+06	1.854399e+06
13.00	1.878214e+06	1.854627e+06
13.04	1.876722e+06	1.853755e+06
13.08	1.874032e+06	1.851653e+06
13.12	1.870001e+06	1.848180e+06
13.16	1.864473e+06	1.843179e+06
13.20	1.857278e+06	1.836481e+06
13.24	1.848231e+06	1.827899e+06
13.28	1.837127e+06	1.817227e+06
13.32	1.823743e+06	1.804243e+06
13.36	1.807835e+06	1.788700e+06
13.40	1.789134e+06	1.770330e+06
13.44	1.767346e+06	1.748837e+06
13.48	1.742150e+06	1.723898e+06
13.52	1.713194e+06	1.695160e+06
13.56	1.680089e+06	1.662233e+06
13.60	1.642414e+06	1.624692e+06
13.64	1.599702e+06	1.582070e+06
13.68	1.551447e+06	1.533856e+06
13.72	1.497088e+06	1.479488e+06
13.76	1.436015e+06	1.418352e+06
13.80	1.367556e+06	1.349773e+06
13.84	1.290976e+06	1.273012e+06
13.88	1.205470e+06	1.187259e+06
13.92	1.110154e+06	1.091624e+06
13.96	1.004058e+06	9.851336e+05
14.00	8.861201e+05	8.667193e+05
14.04	7.551747e+05	7.352093e+05
14.08	6.114391e+05	5.924012e+05
14.12	4.856833e+05	4.705610e+05
14.16	3.857920e+05	3.737799e+05
14.20	3.064455e+05	2.969039e+05
14.24	2.434183e+05	2.358392e+05
14.28	1.933540e+05	1.873337e+05
14.32	1.535866e+05	1.488045e+05
14.36	1.219981e+05	1.181996e+05
14.40	9.690656e+04	9.388926e+04
14.44	7.697562e+04	7.457889e+04
14.48	6.114391e+04	5.924012e+04
14.52	4.856833e+04	4.705610e+04
14.56	3.857920e+04	3.737799e+04
14.60	3.064455e+04	2.969039e+04
14.64	2.434183e+04	2.358392e+04
14.68	1.933540e+04	1.873337e+04
14.72	1.535866e+04	1.488045e+04
14.76	1.219981e+04	1.181996e+04
14.80	9.690656e+03	9.388926e+03
14.84	7.697562e+03	7.457889e+03
14.88	6.114391e+03	5.924012e+03
14.92	4.856833e+03	4.705610e+03
14.96	3.857920e+03	3.737799e+03
15.00	3.064455e+03	2.969039e+03
15.04	2.434183e+03	2.358392e+03
15.08	1.933540e+03	1.873337e+03
15.12	1.535866e+03	1.488045e+03
15.16	1.219981e+03	1.181996e+03
15.20	9.690656e+02	9.388926e+02
15.24	7.697562e+02	7.457889e+02
15.28	6.114391e+02	5.924012e+02
15.32	4.856833e+02	4.705610e+02
15.36	3.857920e+02	3.737799e+02
15.40	3.064455e+02	2.969039e+02
15.44	2.434183e+02	2.358392e+02
15.48	1.933540e+02	1.873337e+02
15.52	1.535866e+02	1.488045e+02
15.56	1.219981e+02	1.181996e+02
15.60	9.690656e+01	9.388926e+01
15.64	7.697562e+01	7.457889e+01
15.68	6.114391e+01	5.924012e+01
15.72	4.856833e+01	4.705610e+01
15.76	3.857920e+01	3.737799e+01
15.80	3.064455e+01	2.969039e+01
15.84	2.434183e+01	2.358392e+01
15.88	1.933540e+01	1.873337e+01
15.92	1.535866e+01	1.488045e+01
15.96	1.219981e+01	1.181996e+01
16.00	9.690656e+00	9.388926e+00
