# Photo-pion interaction rate with the MBB, $T=2000$ K, $\sigma=2$
# log10(gamma)	1/lambda_proton [1/Mpc]	1/lambda_neutron [1/Mpc]
6.00	3.810393e-178	2.787581e-177
6.04	2.023431e-161	1.036803e-160
6.08	3.553647e-146	1.335996e-145
6.12	2.793818e-132	8.061136e-132
6.16	1.295317e-119	2.993690e-119
6.20	4.551438e-108	8.764874e-108
6.24	1.522690e-97	2.530821e-97
6.28	5.969077e-88	8.826489e-88
6.32	3.311779e-79	4.468762e-79
6.36	3.088576e-71	3.882416e-71
6.40	5.662949e-64	6.741724e-64
6.44	2.354757e-57	2.689668e-57
6.48	2.529554e-51	2.800332e-51
6.52	7.905863e-46	8.548937e-46
6.56	8.012251e-41	8.513410e-41
6.60	2.906889e-36	3.048807e-36
6.64	4.132152e-32	4.292531e-32
6.68	2.499008e-28	2.577817e-28
6.72	6.931637e-25	7.113710e-25
6.76	9.443915e-22	9.656122e-22
6.80	6.727844e-19	6.860740e-19
6.84	2.653287e-16	2.700586e-16
6.88	6.102118e-14	6.202677e-14
6.92	8.581951e-12	8.715459e-12
6.96	7.707505e-10	7.822705e-10
7.00	4.598630e-08	4.665616e-08
7.04	1.889692e-06	1.916824e-06
7.08	5.527025e-05	5.605944e-05
7.12	1.185688e-03	1.202641e-03
7.16	1.917473e-02	1.945077e-02
7.20	2.396799e-01	2.431693e-01
7.24	2.369170e+00	2.404180e+00
7.28	1.890959e+01	1.919412e+01
7.32	1.242128e+02	1.261217e+02
7.36	6.833098e+02	6.940657e+02
7.40	3.198612e+03	3.250340e+03
7.44	1.292840e+04	1.314389e+04
7.48	4.572896e+04	4.651736e+04
7.52	1.433036e+05	1.458690e+05
7.56	4.024165e+05	4.099296e+05
7.60	1.023294e+06	1.043313e+06
7.64	2.379205e+06	2.428222e+06
7.68	5.103096e+06	5.214382e+06
7.72	1.017966e+07	1.041578e+07
7.76	1.902419e+07	1.949543e+07
7.80	3.352390e+07	3.441310e+07
7.84	5.601272e+07	5.760510e+07
7.88	8.914860e+07	9.186187e+07
7.92	1.356679e+08	1.400740e+08
7.96	1.980128e+08	2.048389e+08
8.00	2.778664e+08	2.879629e+08
8.04	3.756801e+08	3.899461e+08
8.08	4.903142e+08	5.095801e+08
8.12	6.189117e+08	6.437900e+08
8.16	7.570822e+08	7.878062e+08
8.20	8.993868e+08	9.356646e+08
8.24	1.040026e+09	1.080936e+09
8.28	1.173575e+09	1.217522e+09
8.32	1.295597e+09	1.340339e+09
8.36	1.403011e+09	1.445758e+09
8.40	1.494184e+09	1.531751e+09
8.44	1.568754e+09	1.597767e+09
8.48	1.627311e+09	1.644434e+09
8.52	1.671014e+09	1.673193e+09
8.56	1.701260e+09	1.685951e+09
8.60	1.719444e+09	1.684816e+09
8.64	1.726837e+09	1.671918e+09
8.68	1.724565e+09	1.649309e+09
8.72	1.713639e+09	1.618913e+09
8.76	1.695024e+09	1.582507e+09
8.80	1.669690e+09	1.541706e+09
8.84	1.638650e+09	1.497957e+09
8.88	1.602968e+09	1.452531e+09
8.92	1.563736e+09	1.406522e+09
8.96	1.522046e+09	1.360849e+09
9.00	1.478948e+09	1.316257e+09
9.04	1.435404e+09	1.273335e+09
9.08	1.392263e+09	1.232521e+09
9.12	1.350232e+09	1.194122e+09
9.16	1.309866e+09	1.158324e+09
9.20	1.271573e+09	1.125214e+09
9.24	1.235617e+09	1.094792e+09
9.28	1.202141e+09	1.066990e+09
9.32	1.171183e+09	1.041689e+09
9.36	1.142703e+09	1.018734e+09
9.40	1.116600e+09	9.979508e+08
9.44	1.092734e+09	9.791530e+08
9.48	1.070942e+09	9.621547e+08
9.52	1.051054e+09	9.467771e+08
9.56	1.032897e+09	9.328531e+08
9.60	1.016307e+09	9.202304e+08
9.64	1.001133e+09	9.087741e+08
9.68	9.872371e+08	8.983661e+08
9.72	9.744999e+08	8.889053e+08
9.76	9.628161e+08	8.803056e+08
9.80	9.520949e+08	8.724943e+08
9.84	9.422579e+08	8.654097e+08
9.88	9.332371e+08	8.589989e+08
9.92	9.249730e+08	8.532159e+08
9.96	9.174126e+08	8.480197e+08
10.00	9.105083e+08	8.433733e+08
10.04	9.042167e+08	8.392425e+08
10.08	8.984978e+08	8.355956e+08
10.12	8.933151e+08	8.324028e+08
10.16	8.886347e+08	8.296366e+08
10.20	8.844254e+08	8.272709e+08
10.24	8.806585e+08	8.252818e+08
10.28	8.773078e+08	8.236472e+08
10.32	8.743496e+08	8.223469e+08
10.36	8.717621e+08	8.213621e+08
10.40	8.695257e+08	8.206762e+08
10.44	8.676228e+08	8.202740e+08
10.48	8.660375e+08	8.201418e+08
10.52	8.647554e+08	8.202672e+08
10.56	8.637637e+08	8.206392e+08
10.60	8.630506e+08	8.212477e+08
10.64	8.626057e+08	8.220839e+08
10.68	8.624194e+08	8.231396e+08
10.72	8.624830e+08	8.244074e+08
10.76	8.627888e+08	8.258808e+08
10.80	8.633294e+08	8.275536e+08
10.84	8.640981e+08	8.294204e+08
10.88	8.650888e+08	8.314759e+08
10.92	8.662957e+08	8.337154e+08
10.96	8.677136e+08	8.361347e+08
11.00	8.693374e+08	8.387297e+08
11.04	8.711624e+08	8.414964e+08
11.08	8.731843e+08	8.444315e+08
11.12	8.753987e+08	8.475315e+08
11.16	8.778017e+08	8.507933e+08
11.20	8.803897e+08	8.542139e+08
11.24	8.831589e+08	8.577906e+08
11.28	8.861060e+08	8.615206e+08
11.32	8.892277e+08	8.654015e+08
11.36	8.925210e+08	8.694307e+08
11.40	8.959827e+08	8.736060e+08
11.44	8.996100e+08	8.779252e+08
11.48	9.034003e+08	8.823862e+08
11.52	9.073508e+08	8.869871e+08
11.56	9.114591e+08	8.917258e+08
11.60	9.157226e+08	8.966006e+08
11.64	9.201392e+08	9.016098e+08
11.68	9.247066e+08	9.067516e+08
11.72	9.294226e+08	9.120246e+08
11.76	9.342853e+08	9.174273e+08
11.80	9.392926e+08	9.229581e+08
11.84	9.444428e+08	9.286158e+08
11.88	9.497340e+08	9.343989e+08
11.92	9.551645e+08	9.403064e+08
11.96	9.607327e+08	9.463369e+08
12.00	9.664370e+08	9.524894e+08
12.04	9.722760e+08	9.587627e+08
12.08	9.782481e+08	9.651560e+08
12.12	9.843521e+08	9.716682e+08
12.16	9.905867e+08	9.782984e+08
12.20	9.969506e+08	9.850458e+08
12.24	1.003443e+09	9.919096e+08
12.28	1.010062e+09	9.988890e+08
12.32	1.016807e+09	1.005983e+09
12.36	1.023677e+09	1.013192e+09
12.40	1.030670e+09	1.020513e+09
12.44	1.037781e+09	1.027941e+09
12.48	1.044992e+09	1.035456e+09
12.52	1.052249e+09	1.042997e+09
12.56	1.059404e+09	1.050404e+09
12.60	1.066116e+09	1.057307e+09
12.64	1.071704e+09	1.062984e+09
12.68	1.074993e+09	1.066206e+09
12.72	1.074221e+09	1.065155e+09
12.76	1.067092e+09	1.057504e+09
12.80	1.051046e+09	1.040699e+09
12.84	1.023698e+09	1.012421e+09
12.88	9.833829e+08	9.711169e+08
12.92	9.295989e+08	9.164327e+08
12.96	8.632489e+08	8.494171e+08
13.00	7.865789e+08	7.724314e+08
13.04	7.028498e+08	6.887989e+08
13.08	6.158409e+08	6.023009e+08
13.12	5.293191e+08	5.166528e+08
13.16	4.465910e+08	4.350735e+08
13.20	3.702106e+08	3.600127e+08
13.24	3.018593e+08	2.930492e+08
13.28	2.423731e+08	2.349314e+08
13.32	1.918710e+08	1.857126e+08
13.36	1.499327e+08	1.449295e+08
13.40	1.157830e+08	1.117855e+08
13.44	8.845650e+07	8.530984e+07
13.48	6.692596e+07	6.448190e+07
13.52	5.019379e+07	4.831796e+07
13.56	3.734841e+07	3.592396e+07
13.60	2.759331e+07	2.652186e+07
13.64	2.025608e+07	1.945696e+07
13.68	1.478452e+07	1.419301e+07
13.72	1.073524e+07	1.030035e+07
13.76	7.758808e+06	7.440996e+06
13.80	5.584192e+06	5.353191e+06
13.84	4.003961e+06	3.836868e+06
13.88	2.861189e+06	2.740845e+06
13.92	2.038339e+06	1.952001e+06
13.96	1.448138e+06	1.386413e+06
14.00	1.026278e+06	9.822869e+05
14.04	7.256820e+05	6.944179e+05
14.08	5.120923e+05	4.899296e+05
14.12	3.607076e+05	3.450326e+05
14.16	2.536552e+05	2.425916e+05
14.20	1.781074e+05	1.703130e+05
14.24	1.248911e+05	1.194091e+05
14.28	8.746771e+04	8.361798e+04
14.32	6.119003e+04	5.849025e+04
14.36	4.276372e+04	4.087274e+04
14.40	2.985882e+04	2.853583e+04
14.44	2.083096e+04	1.990629e+04
14.48	1.452172e+04	1.387606e+04
14.52	1.011649e+04	9.666013e+03
14.56	7.043218e+03	6.729166e+03
14.60	4.900800e+03	4.682007e+03
14.64	3.408313e+03	3.255981e+03
14.68	2.369240e+03	2.263241e+03
14.72	1.646243e+03	1.572523e+03
14.76	1.143434e+03	1.092187e+03
14.80	7.939172e+02	7.583076e+02
14.84	5.510618e+02	5.263278e+02
14.88	3.823832e+02	3.652094e+02
14.92	2.652662e+02	2.533456e+02
14.96	1.839756e+02	1.757037e+02
15.00	1.275684e+02	1.218299e+02
15.04	8.843794e+01	8.445799e+01
15.08	6.129922e+01	5.853950e+01
15.12	4.248143e+01	4.056820e+01
15.16	2.943591e+01	2.810977e+01
15.20	2.039369e+01	1.947465e+01
15.24	1.412731e+01	1.349049e+01
15.28	9.785283e+00	9.344081e+00
15.32	6.777069e+00	6.471433e+00
15.36	4.693200e+00	4.481500e+00
15.40	3.249815e+00	3.103195e+00
15.44	2.250162e+00	2.148625e+00
15.48	1.557892e+00	1.487583e+00
15.52	1.078531e+00	1.029849e+00
15.56	7.466240e-01	7.129190e-01
15.60	5.168296e-01	4.934955e-01
15.64	3.577431e-01	3.415898e-01
15.68	2.476141e-01	2.364324e-01
15.72	1.713805e-01	1.636407e-01
15.76	1.186127e-01	1.132555e-01
15.80	8.208919e-02	7.838132e-02
15.84	5.681031e-02	5.424408e-02
15.88	3.931478e-02	3.753875e-02
15.92	2.720653e-02	2.597742e-02
15.96	1.882696e-02	1.797637e-02
16.00	1.302800e-02	1.243938e-02
