# Photo-pion interaction rate with the MBB, $T=225$ K, $\sigma=2$
# log10(gamma)	1/lambda_proton [1/Mpc]	1/lambda_neutron [1/Mpc]
6.00	0.000000e+00	0.000000e+00
6.04	0.000000e+00	0.000000e+00
6.08	0.000000e+00	0.000000e+00
6.12	0.000000e+00	0.000000e+00
6.16	0.000000e+00	0.000000e+00
6.20	0.000000e+00	0.000000e+00
6.24	0.000000e+00	0.000000e+00
6.28	0.000000e+00	0.000000e+00
6.32	0.000000e+00	0.000000e+00
6.36	0.000000e+00	0.000000e+00
6.40	0.000000e+00	0.000000e+00
6.44	0.000000e+00	0.000000e+00
6.48	0.000000e+00	0.000000e+00
6.52	0.000000e+00	0.000000e+00
6.56	0.000000e+00	0.000000e+00
6.60	0.000000e+00	0.000000e+00
6.64	0.000000e+00	0.000000e+00
6.68	0.000000e+00	0.000000e+00
6.72	0.000000e+00	0.000000e+00
6.76	1.000045e-284	7.674075e-283
6.80	8.155348e-259	3.447986e-257
6.84	3.376379e-235	8.312182e-234
6.88	1.132111e-213	1.709877e-212
6.92	4.708875e-194	4.586614e-193
6.96	3.585366e-176	2.363833e-175
7.00	7.127290e-160	3.334513e-159
7.04	5.113034e-145	1.777600e-144
7.08	1.777822e-131	4.801800e-131
7.12	3.918940e-119	8.575467e-119
7.16	6.992354e-108	1.288076e-107
7.20	1.261144e-97	2.023150e-97
7.24	2.814429e-88	4.047348e-88
7.28	9.341228e-80	1.233467e-79
7.32	5.452196e-72	6.740329e-72
7.36	6.519300e-65	7.663178e-65
7.40	1.835481e-58	2.076444e-58
7.44	1.381537e-52	1.518382e-52
7.48	3.121401e-47	3.357058e-47
7.52	2.352964e-42	2.490090e-42
7.56	6.516949e-38	6.814804e-38
7.60	7.241897e-34	7.506547e-34
7.64	3.498691e-30	3.603271e-30
7.68	7.907021e-27	8.105325e-27
7.72	8.937028e-24	9.130231e-24
7.76	5.369320e-21	5.472125e-21
7.80	1.812767e-18	1.844310e-18
7.84	3.618210e-16	3.676771e-16
7.88	4.471721e-14	4.540404e-14
7.92	3.569628e-12	3.622531e-12
7.96	1.912801e-10	1.940524e-10
8.00	7.126580e-09	7.228665e-09
8.04	1.906282e-07	1.933495e-07
8.08	3.769639e-06	3.823616e-06
8.12	5.660066e-05	5.741774e-05
8.16	6.612162e-04	6.708795e-04
8.20	6.145206e-03	6.236447e-03
8.24	4.636965e-02	4.707128e-02
8.28	2.894064e-01	2.938824e-01
8.32	1.519645e+00	1.543739e+00
8.36	6.818583e+00	6.929748e+00
8.40	2.651913e+01	2.696517e+01
8.44	9.057869e+01	9.215616e+01
8.48	2.749970e+02	2.799759e+02
8.52	7.503942e+02	7.645808e+02
8.56	1.859356e+03	1.896240e+03
8.60	4.223310e+03	4.311665e+03
8.64	8.870163e+03	9.066865e+03
8.68	1.736319e+04	1.777323e+04
8.72	3.190222e+04	3.270750e+04
8.76	5.536039e+04	5.685744e+04
8.80	9.121400e+04	9.385743e+04
8.84	1.433218e+05	1.477654e+05
8.88	2.155237e+05	2.226449e+05
8.92	3.110651e+05	3.219554e+05
8.96	4.319180e+05	4.478208e+05
9.00	5.781334e+05	6.003208e+05
9.04	7.474071e+05	7.769977e+05
9.08	9.350165e+05	9.727547e+05
9.12	1.134209e+06	1.180237e+06
9.16	1.336991e+06	1.390656e+06
9.20	1.535153e+06	1.594876e+06
9.24	1.721286e+06	1.784532e+06
9.28	1.889576e+06	1.952918e+06
9.32	2.036218e+06	2.095499e+06
9.36	2.159425e+06	2.210005e+06
9.40	2.259114e+06	2.296170e+06
9.44	2.336404e+06	2.355264e+06
9.48	2.393084e+06	2.389568e+06
9.52	2.431166e+06	2.401912e+06
9.56	2.452600e+06	2.395324e+06
9.60	2.459137e+06	2.372818e+06
9.64	2.452326e+06	2.337268e+06
9.68	2.433580e+06	2.291359e+06
9.72	2.404267e+06	2.237557e+06
9.76	2.365782e+06	2.178096e+06
9.80	2.319589e+06	2.114968e+06
9.84	2.267217e+06	2.049913e+06
9.88	2.210227e+06	1.984417e+06
9.92	2.150163e+06	1.919718e+06
9.96	2.088490e+06	1.856815e+06
10.00	2.026538e+06	1.796483e+06
10.04	1.965461e+06	1.739294e+06
10.08	1.906206e+06	1.685633e+06
10.12	1.849506e+06	1.635724e+06
10.16	1.795881e+06	1.589653e+06
10.20	1.745657e+06	1.547390e+06
10.24	1.698993e+06	1.508816e+06
10.28	1.655908e+06	1.473747e+06
10.32	1.616318e+06	1.441952e+06
10.36	1.580061e+06	1.413175e+06
10.40	1.546928e+06	1.387151e+06
10.44	1.516681e+06	1.363617e+06
10.48	1.489075e+06	1.342322e+06
10.52	1.463867e+06	1.323034e+06
10.56	1.440829e+06	1.305543e+06
10.60	1.419749e+06	1.289663e+06
10.64	1.400440e+06	1.275233e+06
10.68	1.382737e+06	1.262116e+06
10.72	1.366496e+06	1.250194e+06
10.76	1.351592e+06	1.239369e+06
10.80	1.337919e+06	1.229556e+06
10.84	1.325384e+06	1.220684e+06
10.88	1.313904e+06	1.212688e+06
10.92	1.303406e+06	1.205513e+06
10.96	1.293824e+06	1.199107e+06
11.00	1.285099e+06	1.193422e+06
11.04	1.277174e+06	1.188414e+06
11.08	1.269999e+06	1.184041e+06
11.12	1.263526e+06	1.180265e+06
11.16	1.257713e+06	1.177049e+06
11.20	1.252518e+06	1.174361e+06
11.24	1.247906e+06	1.172169e+06
11.28	1.243845e+06	1.170446e+06
11.32	1.240302e+06	1.169164e+06
11.36	1.237253e+06	1.168303e+06
11.40	1.234672e+06	1.167839e+06
11.44	1.232537e+06	1.167755e+06
11.48	1.230829e+06	1.168033e+06
11.52	1.229529e+06	1.168657e+06
11.56	1.228621e+06	1.169615e+06
11.60	1.228092e+06	1.170894e+06
11.64	1.227927e+06	1.172483e+06
11.68	1.228115e+06	1.174370e+06
11.72	1.228644e+06	1.176548e+06
11.76	1.229506e+06	1.179008e+06
11.80	1.230689e+06	1.181741e+06
11.84	1.232186e+06	1.184742e+06
11.88	1.233989e+06	1.188002e+06
11.92	1.236090e+06	1.191517e+06
11.96	1.238483e+06	1.195281e+06
12.00	1.241160e+06	1.199288e+06
12.04	1.244116e+06	1.203533e+06
12.08	1.247344e+06	1.208011e+06
12.12	1.250840e+06	1.212719e+06
12.16	1.254597e+06	1.217652e+06
12.20	1.258611e+06	1.222805e+06
12.24	1.262877e+06	1.228176e+06
12.28	1.267390e+06	1.233761e+06
12.32	1.272147e+06	1.239557e+06
12.36	1.277142e+06	1.245559e+06
12.40	1.282372e+06	1.251765e+06
12.44	1.287832e+06	1.258173e+06
12.48	1.293520e+06	1.264779e+06
12.52	1.299432e+06	1.271580e+06
12.56	1.305563e+06	1.278575e+06
12.60	1.311912e+06	1.285760e+06
12.64	1.318474e+06	1.293133e+06
12.68	1.325248e+06	1.300693e+06
12.72	1.332229e+06	1.308436e+06
12.76	1.339415e+06	1.316362e+06
12.80	1.346805e+06	1.324467e+06
12.84	1.354394e+06	1.332751e+06
12.88	1.362181e+06	1.341211e+06
12.92	1.370163e+06	1.349846e+06
12.96	1.378339e+06	1.358654e+06
13.00	1.386706e+06	1.367634e+06
13.04	1.395262e+06	1.376784e+06
13.08	1.404005e+06	1.386104e+06
13.12	1.412933e+06	1.395591e+06
13.16	1.422045e+06	1.405244e+06
13.20	1.431339e+06	1.415063e+06
13.24	1.440814e+06	1.425046e+06
13.28	1.450468e+06	1.435193e+06
13.32	1.460299e+06	1.445501e+06
13.36	1.470303e+06	1.455969e+06
13.40	1.480472e+06	1.466584e+06
13.44	1.490769e+06	1.477307e+06
13.48	1.501091e+06	1.488024e+06
13.52	1.511167e+06	1.498440e+06
13.56	1.520401e+06	1.507913e+06
13.60	1.527648e+06	1.515233e+06
13.64	1.531008e+06	1.518419e+06
13.68	1.527739e+06	1.514660e+06
13.72	1.514419e+06	1.500497e+06
13.76	1.487396e+06	1.472314e+06
13.80	1.443488e+06	1.427038e+06
13.84	1.380728e+06	1.362884e+06
13.88	1.298944e+06	1.279891e+06
13.92	1.199981e+06	1.180106e+06
13.96	1.087501e+06	1.067335e+06
14.00	9.664296e+05	9.465690e+05
14.04	8.422160e+05	8.232369e+05
14.08	7.200968e+05	7.024851e+05
14.12	6.045126e+05	5.886196e+05
14.16	4.987607e+05	4.847876e+05
14.20	4.048877e+05	3.928943e+05
14.24	3.237769e+05	3.137061e+05
14.28	2.553568e+05	2.470670e+05
14.32	1.988623e+05	1.921600e+05
14.36	1.530926e+05	1.477607e+05
14.40	1.166324e+05	1.124516e+05
14.44	8.802018e+04	8.478405e+04
14.48	6.586338e+04	6.338731e+04
14.52	4.890704e+04	4.703197e+04
14.56	3.606601e+04	3.465908e+04
14.60	2.643174e+04	2.538472e+04
14.64	1.926313e+04	1.848964e+04
14.68	1.396838e+04	1.340069e+04
14.72	1.008331e+04	9.669097e+03
14.76	7.249279e+03	6.948632e+03
14.80	5.192758e+03	4.975559e+03
14.84	3.707411e+03	3.551157e+03
14.88	2.639092e+03	2.527104e+03
14.92	1.873597e+03	1.793607e+03
14.96	1.326935e+03	1.269973e+03
15.00	9.377277e+02	8.972750e+02
15.04	6.613767e+02	6.327192e+02
15.08	4.656380e+02	4.453814e+02
15.12	3.273022e+02	3.130126e+02
15.16	2.297297e+02	2.196675e+02
15.20	1.610322e+02	1.539583e+02
15.24	1.127429e+02	1.077772e+02
15.28	7.884891e+01	7.536777e+01
15.32	5.509037e+01	5.265290e+01
15.36	3.845642e+01	3.675159e+01
15.40	2.682322e+01	2.563199e+01
15.44	1.869537e+01	1.786377e+01
15.48	1.302170e+01	1.244163e+01
15.52	9.064382e+00	8.660063e+00
15.56	6.306227e+00	6.024599e+00
15.60	4.385141e+00	4.189093e+00
15.64	3.047894e+00	2.911496e+00
15.68	2.117563e+00	2.022714e+00
15.72	1.470650e+00	1.404723e+00
15.76	1.021018e+00	9.752132e-01
15.80	7.086341e-01	6.768218e-01
15.84	4.916854e-01	4.695989e-01
15.88	3.410674e-01	3.257381e-01
15.92	2.365326e-01	2.258962e-01
15.96	1.640018e-01	1.566235e-01
16.00	1.136898e-01	1.085728e-01
