# Photo-pion interaction rate with the BB_100_0
# log10(gamma)	1/lambda_proton [1/Mpc]	1/lambda_neutron [1/Mpc]
6.00	0.000000e+00	0.000000e+00
6.04	0.000000e+00	0.000000e+00
6.08	0.000000e+00	0.000000e+00
6.12	0.000000e+00	0.000000e+00
6.16	0.000000e+00	0.000000e+00
6.20	0.000000e+00	0.000000e+00
6.24	0.000000e+00	0.000000e+00
6.28	0.000000e+00	0.000000e+00
6.32	0.000000e+00	0.000000e+00
6.36	0.000000e+00	0.000000e+00
6.40	0.000000e+00	0.000000e+00
6.44	0.000000e+00	0.000000e+00
6.48	0.000000e+00	0.000000e+00
6.52	0.000000e+00	0.000000e+00
6.56	0.000000e+00	0.000000e+00
6.60	0.000000e+00	0.000000e+00
6.64	0.000000e+00	0.000000e+00
6.68	0.000000e+00	0.000000e+00
6.72	0.000000e+00	0.000000e+00
6.76	0.000000e+00	0.000000e+00
6.80	0.000000e+00	0.000000e+00
6.84	0.000000e+00	0.000000e+00
6.88	0.000000e+00	0.000000e+00
6.92	0.000000e+00	0.000000e+00
6.96	0.000000e+00	0.000000e+00
7.00	0.000000e+00	0.000000e+00
7.04	0.000000e+00	0.000000e+00
7.08	0.000000e+00	0.000000e+00
7.12	4.056540e-289	2.813627e-287
7.16	1.362155e-263	5.263030e-262
7.20	2.552407e-240	5.801718e-239
7.24	4.222507e-219	5.945376e-218
7.28	9.374763e-200	8.590895e-199
7.32	4.093584e-182	2.561347e-181
7.36	4.982222e-166	2.230484e-165
7.40	2.322576e-151	7.786769e-151
7.44	5.539989e-138	1.453260e-137
7.48	8.800882e-126	1.882260e-125
7.52	1.183541e-114	2.142507e-114
7.56	1.675819e-104	2.653753e-104
7.60	3.046875e-95	4.340725e-95
7.64	8.521581e-87	1.117835e-86
7.68	4.321899e-79	5.318979e-79
7.72	4.617764e-72	5.411957e-72
7.76	1.191684e-65	1.345642e-65
7.80	8.414244e-60	9.237847e-60
7.84	1.821362e-54	1.957831e-54
7.88	1.340847e-49	1.418736e-49
7.92	3.690522e-45	3.859364e-45
7.96	4.140389e-41	4.292439e-41
8.00	2.048645e-37	2.110386e-37
8.04	4.803825e-34	4.925601e-34
8.08	5.700115e-31	5.824862e-31
8.12	3.633580e-28	3.704048e-28
8.16	1.314124e-25	1.337276e-25
8.20	2.834014e-23	2.880404e-23
8.24	3.813686e-21	3.872831e-21
8.28	3.337692e-19	3.387539e-19
8.32	1.972904e-17	2.001656e-17
8.36	8.152349e-16	8.269504e-16
8.40	2.430079e-14	2.464801e-14
8.44	5.377292e-13	5.454179e-13
8.48	9.067014e-12	9.197412e-12
8.52	1.193102e-10	1.210431e-10
8.56	1.252135e-09	1.270563e-09
8.60	1.069068e-08	1.085058e-08
8.64	7.561502e-08	7.676736e-08
8.68	4.504466e-07	4.574585e-07
8.72	2.294423e-06	2.330998e-06
8.76	1.013208e-05	1.029790e-05
8.80	3.928332e-05	3.994519e-05
8.84	1.352795e-04	1.376331e-04
8.88	4.181996e-04	4.257369e-04
8.92	1.171923e-03	1.193882e-03
8.96	3.003794e-03	3.062534e-03
9.00	7.100181e-03	7.245658e-03
9.04	1.559430e-02	1.593039e-02
9.08	3.204297e-02	3.277207e-02
9.12	6.197971e-02	6.347314e-02
9.16	1.134747e-01	1.163763e-01
9.20	1.975916e-01	2.029582e-01
9.24	3.285931e-01	3.380675e-01
9.28	5.237234e-01	5.397225e-01
9.32	8.024138e-01	8.282963e-01
9.36	1.184826e+00	1.224991e+00
9.40	1.689793e+00	1.749644e+00
9.44	2.332376e+00	2.418111e+00
9.48	3.121450e+00	3.239619e+00
9.52	4.057771e+00	4.214626e+00
9.56	5.132968e+00	5.333631e+00
9.60	6.329707e+00	6.577249e+00
9.64	7.623033e+00	7.917558e+00
9.68	8.982629e+00	9.320486e+00
9.72	1.037555e+01	1.074878e+01
9.76	1.176892e+01	1.216501e+01
9.80	1.313226e+01	1.353426e+01
9.84	1.443899e+01	1.482605e+01
9.88	1.566733e+01	1.601551e+01
9.92	1.680039e+01	1.708389e+01
9.96	1.782589e+01	1.801844e+01
10.00	1.873553e+01	1.881193e+01
10.04	1.952445e+01	1.946202e+01
10.08	2.019054e+01	1.997051e+01
10.12	2.073408e+01	2.034261e+01
10.16	2.115738e+01	2.058621e+01
10.20	2.146454e+01	2.071122e+01
10.24	2.166127e+01	2.072901e+01
10.28	2.175471e+01	2.065182e+01
10.32	2.175324e+01	2.049229e+01
10.36	2.166619e+01	2.026310e+01
10.40	2.150361e+01	1.997655e+01
10.44	2.127595e+01	1.964438e+01
10.48	2.099374e+01	1.927749e+01
10.52	2.066732e+01	1.888582e+01
10.56	2.030657e+01	1.847826e+01
10.60	1.992069e+01	1.806257e+01
10.64	1.951805e+01	1.764541e+01
10.68	1.910607e+01	1.723234e+01
10.72	1.869117e+01	1.682787e+01
10.76	1.827878e+01	1.643557e+01
10.80	1.787335e+01	1.605815e+01
10.84	1.747842e+01	1.569753e+01
10.88	1.709672e+01	1.535501e+01
10.92	1.673024e+01	1.503133e+01
10.96	1.638037e+01	1.472679e+01
11.00	1.604794e+01	1.444132e+01
11.04	1.573337e+01	1.417460e+01
11.08	1.543676e+01	1.392609e+01
11.12	1.515792e+01	1.369512e+01
11.16	1.489646e+01	1.348094e+01
11.20	1.465187e+01	1.328273e+01
11.24	1.442354e+01	1.309968e+01
11.28	1.421078e+01	1.293095e+01
11.32	1.401289e+01	1.277574e+01
11.36	1.382914e+01	1.263326e+01
11.40	1.365880e+01	1.250276e+01
11.44	1.350115e+01	1.238352e+01
11.48	1.335549e+01	1.227485e+01
11.52	1.322115e+01	1.217613e+01
11.56	1.309748e+01	1.208673e+01
11.60	1.298386e+01	1.200608e+01
11.64	1.287970e+01	1.193366e+01
11.68	1.278444e+01	1.186895e+01
11.72	1.269756e+01	1.181149e+01
11.76	1.261857e+01	1.176083e+01
11.80	1.254702e+01	1.171659e+01
11.84	1.248247e+01	1.167836e+01
11.88	1.242454e+01	1.164582e+01
11.92	1.237285e+01	1.161864e+01
11.96	1.232708e+01	1.159652e+01
12.00	1.228690e+01	1.157919e+01
12.04	1.225203e+01	1.156640e+01
12.08	1.222222e+01	1.155792e+01
12.12	1.219721e+01	1.155355e+01
12.16	1.217679e+01	1.155309e+01
12.20	1.216076e+01	1.155637e+01
12.24	1.214892e+01	1.156323e+01
12.28	1.214111e+01	1.157352e+01
12.32	1.213717e+01	1.158711e+01
12.36	1.213696e+01	1.160387e+01
12.40	1.214034e+01	1.162369e+01
12.44	1.214719e+01	1.164647e+01
12.48	1.215741e+01	1.167212e+01
12.52	1.217087e+01	1.170055e+01
12.56	1.218750e+01	1.173167e+01
12.60	1.220719e+01	1.176541e+01
12.64	1.222987e+01	1.180170e+01
12.68	1.225545e+01	1.184048e+01
12.72	1.228387e+01	1.188169e+01
12.76	1.231505e+01	1.192528e+01
12.80	1.234893e+01	1.197118e+01
12.84	1.238545e+01	1.201936e+01
12.88	1.242456e+01	1.206976e+01
12.92	1.246619e+01	1.212235e+01
12.96	1.251030e+01	1.217708e+01
13.00	1.255685e+01	1.223392e+01
13.04	1.260577e+01	1.229283e+01
13.08	1.265704e+01	1.235378e+01
13.12	1.271061e+01	1.241673e+01
13.16	1.276645e+01	1.248165e+01
13.20	1.282450e+01	1.254853e+01
13.24	1.288474e+01	1.261732e+01
13.28	1.294714e+01	1.268800e+01
13.32	1.301166e+01	1.276056e+01
13.36	1.307827e+01	1.283496e+01
13.40	1.314695e+01	1.291118e+01
13.44	1.321766e+01	1.298921e+01
13.48	1.329037e+01	1.306902e+01
13.52	1.336507e+01	1.315059e+01
13.56	1.344172e+01	1.323392e+01
13.60	1.352031e+01	1.331897e+01
13.64	1.360081e+01	1.340573e+01
13.68	1.368320e+01	1.349420e+01
13.72	1.376745e+01	1.358434e+01
13.76	1.385356e+01	1.367616e+01
13.80	1.394149e+01	1.376961e+01
13.84	1.403116e+01	1.386463e+01
13.88	1.412242e+01	1.396105e+01
13.92	1.421482e+01	1.405838e+01
13.96	1.430738e+01	1.415556e+01
14.00	1.439802e+01	1.425039e+01
14.04	1.448297e+01	1.433887e+01
14.08	1.455594e+01	1.441447e+01
14.12	1.460766e+01	1.446759e+01
14.16	1.462568e+01	1.448556e+01
14.20	1.459502e+01	1.445327e+01
14.24	1.449949e+01	1.435457e+01
14.28	1.432361e+01	1.417429e+01
14.32	1.405478e+01	1.390033e+01
14.36	1.368524e+01	1.352554e+01
14.40	1.321329e+01	1.304894e+01
14.44	1.264374e+01	1.247598e+01
14.48	1.198742e+01	1.181801e+01
14.52	1.125992e+01	1.109094e+01
14.56	1.047996e+01	1.031360e+01
14.60	9.667598e+00	9.505997e+00
14.64	8.842598e+00	8.687661e+00
14.68	8.023142e+00	7.876443e+00
14.72	7.224918e+00	7.087649e+00
14.76	6.460630e+00	6.333586e+00
14.80	5.739858e+00	5.623460e+00
14.84	5.069181e+00	4.963516e+00
14.88	4.452476e+00	4.357359e+00
14.92	3.891329e+00	3.806356e+00
14.96	3.385468e+00	3.310080e+00
15.00	2.933205e+00	2.866735e+00
15.04	2.531821e+00	2.473543e+00
15.08	2.177917e+00	2.127078e+00
15.12	1.867690e+00	1.823543e+00
15.16	1.597162e+00	1.558982e+00
15.20	1.362346e+00	1.329449e+00
15.24	1.159374e+00	1.131124e+00
15.28	9.845802e-01	9.603932e-01
15.32	8.345548e-01	8.139024e-01
15.36	7.061738e-01	6.885825e-01
15.40	5.966102e-01	5.816595e-01
15.44	5.033326e-01	4.906514e-01
15.48	4.240935e-01	4.133567e-01
15.52	3.569125e-01	3.478368e-01
15.56	3.000558e-01	2.923955e-01
15.60	2.520141e-01	2.455571e-01
15.64	2.114795e-01	2.060434e-01
15.68	1.773237e-01	1.727522e-01
15.72	1.485772e-01	1.447365e-01
15.76	1.244092e-01	1.211854e-01
15.80	1.041103e-01	1.014066e-01
15.84	8.707618e-02	8.481032e-02
15.88	7.279317e-02	7.089554e-02
15.92	6.082565e-02	5.923739e-02
15.96	5.080488e-02	4.947629e-02
16.00	4.241920e-02	4.130839e-02
