1.12e5 9.300   0.002 1e-10  7.454   0.002 1e-10 8.639   0.002 1e-10               
1.41e5 5.008   0.001 1e-10  4.013   0.001 1e-10 4.684   0.001 1e-10               
1.78e5 2.732   0.001 1e-10  2.155   0.001 1e-10 2.529   0.001 1e-10               
2.24e5 1.470   0.001 1e-10  1.177   0.001 1e-10 1.360   0.001 1e-10               
2.82e5 7.934   0.004 1e-11  6.437   0.004 1e-11 7.370   0.004 1e-11               
3.55e5 4.296   0.003 1e-11  3.522   0.002 1e-11 4.015   0.003 1e-11               
4.47e5 2.323   0.002 1e-11  1.919   0.002 1e-11 2.173   0.002 1e-11               
5.62e5 1.262   0.001 1e-11  1.045   0.001 1e-11 1.179   0.001 1e-11               
7.08e5 6.834   0.008 1e-12  5.678   0.007 1e-12 6.373   0.007 1e-12               
8.91e5 3.695   0.005 1e-12  3.071   0.005 1e-12 3.433   0.005 1e-12               
1.12e6 2.001   0.003 1e-12  1.671   0.003 1e-12 1.853   0.003 1e-12               
1.41e6 1.092   0.002 1e-12  9.168   0.020 1e-13 1.014   0.002 1e-12               
1.78e6 5.947   0.014 1e-13  4.993   0.013 1e-13 5.514   0.014 1e-13               
2.24e6 3.228   0.009 1e-13  2.705   0.009 1e-13 2.978   0.009 1e-13               
2.82e6 1.738   0.006 1e-13  1.470   0.006 1e-13 1.610   0.006 1e-13               
3.55e6 9.301   0.040 1e-14  7.683   0.036 1e-14 8.444   0.038 1e-14               
4.47e6 4.692   0.025 1e-14  3.902   0.023 1e-14 4.261   0.024 1e-14               
5.62e6 2.384   0.016 1e-14  1.965   0.014 1e-14 2.133   0.015 1e-14               
7.08e6 1.159   0.010 1e-14  9.510   0.090 1e-15 1.031   0.009 1e-14               
8.91e6 5.571   0.061 1e-15  4.529   0.055 1e-15 4.976   0.058 1e-15               
1.12e7 2.631   0.037 1e-15  2.202   0.034 1e-15 2.321   0.035 1e-15               
1.41e7 1.265   0.023 1e-15  1.103   0.022 1e-15 1.160   0.022 1e-15               
1.78e7 6.631   0.149 1e-16  5.818   0.140 1e-16 5.924   0.141 1e-16               
2.24e7 3.177   0.092 1e-16  2.743   0.086 1e-16 2.787   0.086 1e-16               
2.82e7 1.651   0.059 1e-16  1.454   0.056 1e-16 1.476   0.056 1e-16               
3.55e7 8.101   0.370 1e-17  7.048   0.345 1e-17 6.516   0.331 1e-17               
4.47e7 3.614   0.220 1e-17  3.120   0.204 1e-17 3.038   0.202 1e-17               
5.62e7 2.146   0.151 1e-17  2.013   0.146 1e-17 1.848   0.140 1e-17               
7.08e7 9.764   0.908 1e-18  8.343   0.840 1e-18 8.345   0.840 1e-18               
8.91e7 4.156   0.528 1e-18  4.654   0.559 1e-18 4.086   0.524 1e-18               
1.12e8 2.694   0.379 1e-18  2.585   0.371 1e-18 2.636   0.375 1e-18               
1.41e8 1.242   0.229 1e-18  1.286   0.233 1e-18 11.154  2.174 1e-19             
1.78e8 5.310   1.337 1e-19  5.647   1.379 1e-19 4.922   1.287 1e-19
