7.079460e+15 1.197220e-23 1.103870e-28 1.103870e-28
8.912510e+15 5.714160e-24 8.768360e-29 8.768360e-29
1.122020e+16 2.690910e-24 6.964970e-29 6.964970e-29
1.412540e+16 1.259680e-24 5.532440e-29 5.532440e-29
1.778280e+16 6.173500e-25 4.394570e-29 4.394570e-29
2.238720e+16 3.087220e-25 3.490750e-29 3.490750e-29
2.818390e+16 1.566620e-25 2.772790e-29 2.772790e-29
3.548130e+16 7.715400e-26 2.202510e-29 2.202510e-29
4.466840e+16 3.890920e-26 1.749510e-29 1.749510e-29
5.623410e+16 1.989430e-26 4.398480e-30 4.398480e-30
7.079460e+16 1.049200e-26 3.493840e-30 3.493840e-30
8.912530e+16 5.167510e-27 2.775240e-30 2.775240e-30
1.122020e+17 2.557180e-27 2.204470e-30 2.204470e-30
1.412540e+17 1.287030e-27 1.751060e-30 1.751060e-30
1.778280e+17 6.022700e-28 1.390920e-30 1.390920e-30
2.238720e+17 2.938900e-28 1.104850e-30 1.104850e-30
2.818390e+17 1.597250e-28 8.776090e-31 8.776090e-31
3.981070e+17 5.277130e-29 3.086040e-31 3.086040e-31
6.309560e+17 1.032000e-29 1.947160e-31 1.947160e-31
1.000000e+18 2.457140e-30 1.228570e-31 1.228570e-31
1.584900e+18 4.651040e-31 7.751740e-32 7.751740e-32
